5EC,2023/07/07 10:53:00, 50,  0.000000, 51,  0.000000, 53,-9999.0000, 54,-9999.0000, 71,  1.032214, 73,729.900883, 77, 38.968750, 79,  1.212804, 83,         3,110,        29, 86,  0.000000, 60,  0.000000
5EC,2023/07/07 10:54:00, 50,  0.000000, 51,  0.000000, 53,-9999.0000, 54,-9999.0000, 71,  1.037330, 73,739.959599, 77, 39.031250, 79,  1.236713, 83,         3,110,        29, 86,  0.000000, 60,  0.000000
53C,2023/07/07 10:55:00, 50,  0.000000, 51,  0.000000, 53,-9999.0000, 54,-9999.0000, 71,  1.037959, 73,740.728276, 77, 39.187500, 79,  1.227013, 83,         3,110,        29, 86,  0.000000, 60,  0.000000
5EC,2023/07/07 10:56:00, 50,  0.000000, 51,  0.000000, 53,-9999.0000, 54,-9999.0000, 71,  1.038421, 73,740.774907, 77, 39.375000, 79,  1.246109, 83,         3,110,        29, 86,  0.000000, 60,  0.000000
5AC,2023/07/07 10:57:00, 50,  0.000000, 51,  0.000000, 53,-9999.0000, 54,-9999.0000, 71,  1.038630, 73,740.796391, 77, 39.625000, 79,  1.214274, 83,         3,110,        29, 86,  0.000000, 60,  0.000000
52C,2023/07/07 10:58:00, 50,  0.000000, 51,  0.000000, 53,-9999.0000, 54,-9999.0000, 71,  1.038463, 73,740.791142, 77, 39.968750, 79,  1.223449, 83,         3,110,        29, 86,  0.000000, 60,  0.000000
5EC,2023/07/07 10:59:00, 50,  0.000000, 51,  0.000000, 53,-9999.0000, 54,-9999.0000, 71,  1.038714, 73,740.788090, 77, 40.312500, 79,  1.227597, 83,         3,110,        29, 86,  0.000000, 60,  0.000000
59C,2023/07/07 11:00:00, 50,  0.000000, 51,  0.000000, 53,-9999.0000, 54,-9999.0000, 71,  1.039217, 73,740.777959, 77, 40.218750, 79,  1.215997, 83,         3,110,        29, 86,  0.000000, 60,  0.000000
51C,2023/07/07 11:01:00, 50,  0.000000, 51,  0.000000, 53,-9999.0000, 54,-9999.0000, 71,  1.038966, 73,740.789799, 77, 40.343750, 79,  1.196633, 83,         3,110,        29, 86,  0.000000, 60,  0.000000
56C,2023/07/07 11:02:00, 50,  0.000000, 51,  0.000000, 53,-9999.0000, 54,-9999.0000, 71,  1.039050, 73,740.762700, 77, 40.468750, 79,  1.197027, 83,         3,110,        29, 86,  0.000000, 60,  0.000000
5AC,2023/07/07 11:57:00, 50,  0.000000, 51,  0.000000, 53,-9999.0000, 54,-9999.0000, 71,  1.028187, 73,699.718144, 77, 40.593750, 79,  1.245401, 83,         3,110,        29, 86,  0.000000, 60,  0.000000
51C,2023/07/07 11:58:00, 50,  0.000000, 51,  0.000000, 53,-9999.0000, 54,-9999.0000, 71,  1.036575, 73,738.212163, 77, 40.718750, 79,  1.229185, 83,         3,110,        29, 86,  0.000000, 60,  0.000000
5AC,2023/07/07 11:59:00, 50,  0.000000, 51,  0.000000, 53,-9999.0000, 54,-9999.0000, 71,  1.037498, 73,739.779546, 77, 40.875000, 79,  1.213011, 83,         3,110,        29, 86,  0.000000, 60,  0.000000
59C,2023/07/07 12:00:00, 50,  0.000000, 51,  0.000000, 53,-9999.0000, 54,-9999.0000, 71,  1.038253, 73,740.055424, 77, 41.125000, 79,  1.218978, 83,         3,110,        29, 86,  0.000000, 60,  0.000000
5DC,2023/07/07 12:01:00, 50,  0.000000, 51,  0.000000, 53,-9999.0000, 54,-9999.0000, 71,  1.038169, 73,740.099858, 77, 41.375000, 79,  1.245054, 83,         3,110,        29, 86,  0.000000, 60,  0.000000
5AC,2023/07/07 12:02:00, 50,  0.000000, 51,  0.000000, 53,-9999.0000, 54,-9999.0000, 71,  1.038798, 73,740.108647, 77, 41.531250, 79,  1.232041, 83,         3,110,        29, 86,  0.000000, 60,  0.000000
5EC,2023/07/07 12:03:00, 50,  0.000000, 51,  0.000000, 53,-9999.0000, 54,-9999.0000, 71,  1.037791, 73,740.088994, 77, 41.625000, 79,  1.230278, 83,         3,110,        29, 86,  0.000000, 60,  0.000000
58C,2023/07/07 12:04:00, 50,  0.000000, 51,  0.000000, 53,-9999.0000, 54,-9999.0000, 71,  1.038505, 73,740.101567, 77, 41.750000, 79,  1.238700, 83,         3,110,        29, 86,  0.000000, 60,  0.000000
54C,2023/07/07 12:05:00, 50,  0.000000, 51,  0.000000, 53,-9999.0000, 54,-9999.0000, 71,  1.038295, 73,740.096684, 77, 41.875000, 79,  1.229728, 83,         3,110,        29, 86,  0.000000, 60,  0.000000
5AC,2023/07/07 12:06:00, 50,  0.000000, 51,  0.000000, 53,-9999.0000, 54,-9999.0000, 71,  1.038421, 73,740.158086, 77, 41.937500, 79,  1.207220, 83,         3,110,        29, 86,  0.000000, 60,  0.000000
51C,2023/07/07 12:07:00, 50,  0.000000, 51,  0.000000, 53,-9999.0000, 54,-9999.0000, 71,  1.038966, 73,740.182133, 77, 42.125000, 79,  1.225089, 83,         3,110,        29, 86,  0.000000, 60,  0.000000
54C,2023/07/07 12:08:00, 50,  0.000000, 51,  0.000000, 53,-9999.0000, 54,-9999.0000, 71,  1.038546, 73,740.249028, 77, 42.281250, 79,  1.220140, 83,         3,110,        29, 86,  0.000000, 60,  0.000000
59C,2023/07/07 12:09:00, 50,  0.000000, 51,  0.000000, 53,-9999.0000, 54,-9999.0000, 71,  1.038337, 73,740.229497, 77, 42.437500, 79,  1.205573, 83,         3,110,        29, 86,  0.000000, 60,  0.000000
5BC,2023/07/07 12:10:00, 50,  0.000000, 51,  0.000000, 53,-9999.0000, 54,-9999.0000, 71,  1.038924, 73,740.252080, 77, 42.593750, 79,  1.233918, 83,         3,110,        29, 86,  0.000000, 60,  0.000000
51C,2023/07/07 12:11:00, 50,  0.000000, 51,  0.000000, 53,-9999.0000, 54,-9999.0000, 71,  1.038505, 73,740.270756, 77, 43.062500, 79,  1.235605, 83,         3,110,        29, 86,  0.000000, 60,  0.000000
58C,2023/07/07 12:12:00, 50,  0.000000, 51,  0.000000, 53,-9999.0000, 54,-9999.0000, 71,  1.038672, 73,740.273198, 77, 43.718750, 79,  1.237893, 83,         3,110,        29, 86,  0.000000, 60,  0.000000
51C,2023/07/07 12:13:00, 50,  0.000000, 51, 82.280396, 53,-9999.0000, 54,-9999.0000, 71,  1.038546, 73,740.332280, 77, 44.593750, 79,  1.223502, 83,         6,110,         6, 86,  0.000000, 60,  0.000000
50C,2023/07/07 12:14:00, 50,  0.000000, 51, 85.698578, 53,-9999.0000, 54,-9999.0000, 71,  1.038505, 73,740.405888, 77, 44.875000, 79,  1.226480, 83,     33030,110,         6, 86,  0.000000, 60,  0.000000
5AC,2023/07/07 12:15:00, 50,  0.000000, 51, 83.867416, 53,-9999.0000, 54,-9999.0000, 71,  1.038798, 73,740.403203, 77, 44.812500, 79,  1.221927, 83,     33030,110,         6, 86,  0.000000, 60,  0.000000
41C,2023/07/07 12:16:00, 50,  0.000000, 51, 84.721954, 53,  0.000000, 54, 84.721954, 71,  1.038630, 73,740.485234, 77, 44.562500, 79,  1.221272, 83,     33030,110,         7, 86,  0.000000, 60,  0.000000
48C,2023/07/07 12:17:00, 50,  0.000000, 51, 84.721954, 53,  0.000000, 54, 84.721878, 71,  1.038630, 73,740.478886, 77, 44.281250, 79,  1.223496, 83,     33030,110,         7, 86,  0.000000, 60,  0.000000
4BC,2023/07/07 12:18:00, 50,  0.000000, 51, 72.758331, 53,  0.000000, 54, 78.768539, 71,  1.038588, 73,740.553715, 77, 44.093750, 79,  1.196128, 83,     33030,110,         7, 86,  0.000000, 60,  0.000000
4DC,2023/07/07 12:19:00, 50,  0.000000, 51, 72.025864, 53,  0.000000, 54, 72.983696, 71,  1.043369, 73,740.670171, 77, 43.906250, 79,  1.224131, 83,     33026,110,         0, 86,  0.000000, 60,  0.000000
5DC,2023/07/07 12:20:00, 50,  0.000000, 51, 71.781708, 53,-9999.0000, 54,-9999.0000, 71,  1.043411, 73,740.741338, 77, 43.687500, 79,  1.205029, 83,     33026,110,         0, 86,  0.000000, 60,  0.000000
59C,2023/07/07 12:21:00, 50,  0.000000, 51, 69.157043, 53,-9999.0000, 54,-9999.0000, 71,  1.043579, 73,740.815678, 77, 43.531250, 79,  1.199923, 83,     33026,110,         0, 86,  0.000000, 60,  0.000000
44C,2023/07/07 12:22:00, 50,  0.549203, 51, 66.288208, 53,  0.495393, 54, 70.728073, 71,  1.043537, 73,740.902714, 77, 43.593750, 79,  1.217267, 83,     33026,110,         1, 86,  0.118430, 60,  0.000000
40C,2023/07/07 12:23:00, 50,  0.490942, 51, 62.503815, 53,  0.416130, 54, 64.463173, 71,  1.043537, 73,740.975468, 77, 43.812500, 79,  1.233226, 83,     33026,110,         1, 86,  0.731442, 60,  0.000000
4BC,2023/07/07 12:24:00, 50,  0.237557, 51, 62.503815, 53,  0.368373, 54, 62.596306, 71,  1.043705, 73,740.995732, 77, 43.875000, 79,  1.246258, 83,     33026,110,         1, 86,  0.037576, 60,  0.000000
4AC,2023/07/07 12:25:00, 50,  0.591409, 51, 70.011581, 53,  0.430708, 54, 66.688972, 71,  1.043327, 73,741.019047, 77, 43.812500, 79,  1.236654, 83,     33026,110,         1, 86,  0.788776, 60,  0.000000
40C,2023/07/07 12:26:00, 50,  0.324511, 51, 65.799896, 53,  0.469450, 54, 66.430565, 71,  1.043747, 73,740.990361, 77, 43.625000, 79,  1.218966, 83,     33026,110,         1, 86,  0.088811, 60,  0.000000
4FC,2023/07/07 12:27:00, 50,  0.420950, 51, 69.828461, 53,  0.480028, 54, 66.837471, 71,  1.043160, 73,740.992314, 77, 43.406250, 79,  1.223722, 83,     33026,110,         1, 86,  0.021110, 60,  0.000000
46C,2023/07/07 12:28:00, 50,  0.407516, 51, 66.044067, 53,  0.420452, 54, 69.201721, 71,  1.043789, 73,740.960210, 77, 43.218750, 79,  1.238529, 83,     33026,110,         1, 86,  0.500979, 60,  0.000000
44C,2023/07/07 12:29:00, 50,  0.536094, 51, 65.250549, 53,  0.425597, 54, 66.644188, 71,  1.043621, 73,740.952763, 77, 43.000000, 79,  1.221292, 83,     33026,110,         1, 86,  0.830048, 60,  0.000000
43C,2023/07/07 12:30:00, 50,  0.748273, 51, 66.776520, 53,  0.627864, 54, 65.887787, 71,  1.043076, 73,740.921269, 77, 42.750000, 79,  1.212542, 83,     33026,110,         1, 86,  0.080414, 60,  0.000000
45C,2023/07/07 12:31:00, 50,  0.462155, 51, 63.785622, 53,  0.681071, 54, 64.618698, 71,  1.043495, 73,740.883916, 77, 42.437500, 79,  1.193704, 83,     33026,110,         1, 86,  0.011442, 60,  0.000000
4CC,2023/07/07 12:32:00, 50,  0.520112, 51, 67.081711, 53,  0.762531, 54, 66.019539, 71,  1.043663, 73,740.891240, 77, 42.437500, 79,  1.230490, 83,     33026,110,         1, 86,  0.815570, 60,  0.000000
44C,2023/07/07 12:33:00, 50,  0.825695, 51, 67.081711, 53,  0.772138, 54, 66.336960, 71,  1.042740, 73,740.904668, 77, 42.625000, 79,  1.236907, 83,     33026,110,         1, 86,  0.975184, 60,  0.000000
4DC,2023/07/07 12:34:00, 50,  0.593022, 51, 63.785622, 53,  0.607256, 54, 65.897079, 71,  1.043453, 73,740.890507, 77, 42.687500, 79,  1.225108, 83,     33026,110,         1, 86,  0.606088, 60,  0.000000
4CC,2023/07/07 12:35:00, 50,  0.579493, 51, 59.390831, 53,  0.814552, 54, 61.237190, 71,  1.043202, 73,740.884038, 77, 42.687500, 79,  1.230284, 83,     33026,110,         1, 86,  0.445587, 60,  0.000000
48C,2023/07/07 12:36:00, 50,  0.696543, 51, 63.236267, 53,  0.522883, 54, 61.382652, 71,  1.043537, 73,740.864018, 77, 42.625000, 79,  1.211403, 83,     33026,110,         1, 86,  1.238017, 60,  0.000000
4BC,2023/07/07 12:37:00, 50,  0.381424, 51, 65.799896, 53,  0.702958, 54, 65.443748, 71,  1.043244, 73,740.879033, 77, 42.656250, 79,  1.237102, 83,     33026,110,         1, 86,  0.548255, 60,  0.000000
4CC,2023/07/07 12:38:00, 50,  0.642272, 51, 68.424576, 53,  0.733499, 54, 66.528168, 71,  1.043244, 73,740.857426, 77, 42.656250, 79,  1.224876, 83,     33026,110,         1, 86,  0.237682, 60,  0.000000
4FC,2023/07/07 12:39:00, 50,  0.654475, 51, 65.006393, 53,  0.714212, 54, 67.633018, 71,  1.043244, 73,740.850957, 77, 42.812500, 79,  1.224738, 83,     33026,110,         1, 86,  0.643514, 60,  0.000000
46C,2023/07/07 12:40:00, 50,  0.997453, 51, 63.724586, 53,  0.799772, 54, 65.676727, 71,  1.043118, 73,740.841801, 77, 42.906250, 79,  1.210824, 83,     33026,110,         1, 86,  0.697826, 60,  0.000000
4FC,2023/07/07 12:41:00, 50,  0.752936, 51, 57.620697, 53,  0.564408, 54, 62.087852, 71,  1.043327, 73,740.814458, 77, 43.062500, 79,  1.228993, 83,     33026,110,         1, 86,  1.239625, 60,  0.000000
4EC,2023/07/07 12:42:00, 50,  0.813203, 51, 63.358353, 53,  0.912340, 54, 60.326683, 71,  1.043202, 73,740.821782, 77, 43.125000, 79,  1.228515, 83,     33026,110,         1, 86,  0.859868, 60,  0.000000
43C,2023/07/07 12:43:00, 50,  0.845282, 51, 65.067444, 53,  0.657013, 54, 62.437622, 71,  1.043411, 73,740.814824, 77, 43.125000, 79,  1.229712, 83,     33026,110,         1, 86,  0.884392, 60,  0.000000
4EC,2023/07/07 12:44:00, 50,  0.728161, 51, 68.851852, 53,  0.629437, 54, 67.006371, 71,  1.043034, 73,740.832402, 77, 43.312500, 79,  1.210970, 83,     33026,110,         1, 86,  0.901329, 60,  0.000000
4AC,2023/07/07 12:45:00, 50,  0.737024, 51, 67.142746, 53,  0.662847, 54, 65.156334, 71,  1.042992, 73,740.779668, 77, 43.406250, 79,  1.223138, 83,     33026,110,         1, 86,  0.644944, 60,326.999786
4DC,2023/07/07 12:46:00, 50,  0.807723, 51, 63.602501, 53,  0.813119, 54, 64.915787, 71,  1.043160, 73,740.751347, 77, 43.343750, 79,  1.215279, 83,     33026,110,         1, 86,  0.730193, 60,326.999786
41C,2023/07/07 12:47:00, 50,  0.357045, 51, 69.523270, 53,  0.759036, 54, 66.411224, 71,  1.042866, 73,740.724492, 77, 43.093750, 79,  1.213715, 83,     33026,110,         1, 86,  0.773261, 60,321.506378
4BC,2023/07/07 12:48:00, 50,  0.988371, 51, 65.189514, 53,  0.863394, 54, 65.741928, 71,  1.042866, 73,740.719365, 77, 42.906250, 79,  1.219382, 83,     33026,110,         1, 86,  0.829916, 60,321.506378
4EC,2023/07/07 12:49:00, 50,  0.985991, 51, 71.781708, 53,  0.922909, 54, 66.871063, 71,  1.043118, 73,740.702153, 77, 42.718750, 79,  1.204500, 83,     33026,110,         1, 86,  0.859915, 60,342.286743
49C,2023/07/07 12:50:00, 50,  0.731445, 51, 66.288208, 53,  0.831828, 54, 67.123352, 71,  1.042866, 73,740.679936, 77, 42.562500, 79,  1.206831, 83,     33026,110,         1, 86, -0.020169, 60,342.286743
4AC,2023/07/07 12:51:00, 50,  0.748964, 51, 69.218079, 53,  0.836650, 54, 66.691002, 71,  1.041860, 73,740.665898, 77, 42.468750, 79,  1.206601, 83,     33026,110,         1, 86,  0.170901, 60,343.621307
4DC,2023/07/07 12:52:00, 50,  0.752864, 51, 64.640152, 53,  0.813075, 54, 67.576180, 71,  1.043076, 73,740.662114, 77, 42.500000, 79,  1.199822, 83,     33026,110,         1, 86,  0.863474, 60,343.621307
47C,2023/07/07 12:53:00, 50,  0.634393, 51, 62.870033, 53,  0.701127, 54, 63.688873, 71,  1.042950, 73,740.655522, 77, 42.750000, 79,  1.212722, 83,     33026,110,         1, 86,  0.613229, 60,338.171265
45C,2023/07/07 12:54:00, 50,  1.333739, 51, 66.349243, 53,  0.782500, 54, 64.616714, 71,  1.042992, 73,740.675664, 77, 43.062500, 79,  1.229122, 83,     33026,110,         1, 86,  1.269363, 60,338.171265
41C,2023/07/07 12:55:00, 50,  0.765634, 51, 64.579117, 53,  0.764655, 54, 64.569908, 71,  1.043034, 73,740.690068, 77, 43.218750, 79,  1.247279, 83,     33026,110,         1, 86,  0.456103, 60,335.075531
49C,2023/07/07 12:56:00, 50,  0.452986, 51, 67.631073, 53,  0.573648, 54, 66.833336, 71,  1.042782, 73,740.707402, 77, 43.375000, 79,  1.227993, 83,     33026,110,         1, 86,  0.235776, 60,335.075531
49C,2023/07/07 12:57:00, 50,  0.793687, 51, 65.250549, 53,  0.602081, 54, 64.542442, 71,  1.042782, 73,740.693730, 77, 43.562500, 79,  1.229189, 83,     33026,110,         1, 86,  1.021821, 60,330.121338
48C,2023/07/07 12:58:00, 50,  0.700717, 51, 63.846657, 53,  0.794047, 54, 63.371483, 71,  1.042908, 73,740.668217, 77, 43.562500, 79,  1.209722, 83,     33026,110,         1, 86,  1.102063, 60,330.121338
4BC,2023/07/07 12:59:00, 50,  0.859968, 51, 68.790817, 53,  0.830079, 54, 67.639297, 71,  1.042405, 73,740.672734, 77, 43.531250, 79,  1.213821, 83,     33026,110,         1, 86,  0.775505, 60,324.675476
4EC,2023/07/07 13:00:00, 50,  0.845691, 51, 70.683014, 53,  0.726512, 54, 70.705276, 71,  1.042531, 73,740.663823, 77, 43.468750, 79,  1.203309, 83,     33026,110,         1, 86,  0.814243, 60,324.675476
44C,2023/07/07 13:01:00, 50,  0.828608, 51, 68.668732, 53,  0.738281, 54, 70.504883, 71,  1.042656, 73,740.665288, 77, 43.437500, 79,  1.229195, 83,     33026,110,         1, 86,  0.704229, 60,313.948364
4DC,2023/07/07 13:02:00, 50,  0.834807, 51, 67.020676, 53,  0.755646, 54, 64.553650, 71,  1.042824, 73,740.662602, 77, 43.437500, 79,  1.213601, 83,     33026,110,         1, 86,  0.472506, 60,313.948364
4BC,2023/07/07 13:03:00, 50,  0.869668, 51, 67.081711, 53,  0.820121, 54, 67.696136, 71,  1.042531, 73,740.657963, 77, 43.375000, 79,  1.212165, 83,     33026,110,         1, 86,  1.124304, 60,300.665771
49C,2023/07/07 13:04:00, 50,  0.556261, 51, 71.659622, 53,  0.804878, 54, 68.570984, 71,  1.042572, 73,740.658696, 77, 43.312500, 79,  1.236641, 83,     33026,110,         1, 86,  0.452413, 60,300.665771
49C,2023/07/07 13:05:00, 50,  0.763491, 51, 71.171326, 53,  0.651345, 54, 71.082718, 71,  1.042908, 73,740.620366, 77, 43.250000, 79,  1.222153, 83,     33026,110,         1, 86,  0.797192, 60,278.885284
45C,2023/07/07 13:06:00, 50,  0.731881, 51, 69.828461, 53,  0.777275, 54, 70.894516, 71,  1.042614, 73,740.641728, 77, 43.218750, 79,  1.205832, 83,     33026,110,         1, 86,  1.273442, 60,278.885284
4CC,2023/07/07 13:07:00, 50,  0.469074, 51, 65.494705, 53,  0.487966, 54, 68.537239, 71,  1.042614, 73,740.655400, 77, 43.250000, 79,  1.216563, 83,     33026,110,         1, 86,  0.427651, 60,251.602478
42C,2023/07/07 13:08:00, 50,  0.721965, 51, 66.105103, 53,  0.517674, 54, 64.410187, 71,  1.042656, 73,740.657231, 77, 43.187500, 79,  1.236112, 83,     33026,110,         1, 86,  0.686554, 60,251.602478
4BC,2023/07/07 13:09:00, 50,  0.959316, 51, 67.753143, 53,  0.851348, 54, 67.438698, 71,  1.042321, 73,740.644902, 77, 43.312500, 79,  1.222492, 83,     33026,110,         1, 86,  1.344624, 60,225.867737
49C,2023/07/07 13:10:00, 50,  0.684144, 51, 65.555740, 53,  0.750652, 54, 67.217155, 71,  1.042531, 73,740.611333, 77, 43.312500, 79,  1.215788, 83,     33026,110,         1, 86,  0.579217, 60,225.867737
44C,2023/07/07 13:11:00, 50,  0.759961, 51, 66.166138, 53,  0.706252, 54, 66.348152, 71,  1.042572, 73,740.596684, 77, 43.343750, 79,  1.228786, 83,     33026,110,         1, 86,  0.710733, 60,181.085388
47C,2023/07/07 13:12:00, 50,  0.814125, 51, 69.828461, 53,  0.888138, 54, 68.799881, 71,  1.042531, 73,740.622685, 77, 43.406250, 79,  1.223740, 83,     33026,110,         1, 86,  0.435016, 60,181.085388
4FC,2023/07/07 13:13:00, 50,  0.868609, 51, 66.898605, 53,  0.720382, 54, 66.697098, 71,  1.042531, 73,740.608647, 77, 43.406250, 79,  1.230160, 83,     33026,110,         1, 86,  0.748345, 60,180.150986
4AC,2023/07/07 13:14:00, 50,  0.905857, 51, 68.668732, 53,  0.757139, 54, 67.695137, 71,  1.042614, 73,740.610966, 77, 43.343750, 79,  1.235860, 83,     33026,110,         1, 86,  1.795249, 60,180.150986
4AC,2023/07/07 13:15:00, 50,  0.827467, 51, 62.808998, 53,  0.872956, 54, 63.853714, 71,  1.042782, 73,740.624760, 77, 43.531250, 79,  1.222333, 83,     33026,110,         1, 86,  1.152165, 60,180.514435
4FC,2023/07/07 13:16:00, 50,  0.485018, 51, 68.607697, 53,  0.764490, 54, 64.960556, 71,  1.042489, 73,740.624882, 77, 43.593750, 79,  1.214763, 83,     33026,110,         1, 86,  0.472178, 60,180.514435
42C,2023/07/07 13:17:00, 50,  0.785466, 51, 68.119370, 53,  0.620800, 54, 69.771408, 71,  1.042195, 73,740.623784, 77, 43.468750, 79,  1.210421, 83,     33026,110,         1, 86,  0.891609, 60,170.868637
40C,2023/07/07 13:18:00, 50,  0.720168, 51, 67.814194, 53,  0.739458, 54, 67.916496, 71,  1.042237, 73,740.574345, 77, 43.406250, 79,  1.215404, 83,     33026,110,         1, 86,  1.098412, 60,170.868637
44C,2023/07/07 13:19:00, 50,  0.740218, 51, 69.828461, 53,  0.725450, 54, 69.806000, 71,  1.042195, 73,740.546879, 77, 43.250000, 79,  1.236478, 83,     33026,110,         1, 86,  0.876101, 60,166.430588
49C,2023/07/07 13:20:00, 50,  0.821244, 51, 66.044067, 53,  0.796421, 54, 66.912796, 71,  1.042321, 73,740.523564, 77, 43.062500, 79,  1.231579, 83,     33026,110,         1, 86,  0.513589, 60,166.430588
45C,2023/07/07 13:21:00, 50,  0.746119, 51, 69.523270, 53,  0.609803, 54, 66.212631, 71,  1.042321, 73,740.474126, 77, 42.687500, 79,  1.244593, 83,     33026,110,         1, 86,  0.726646, 60,156.782181
46C,2023/07/07 13:22:00, 50,  0.887458, 51, 68.973923, 53,  0.941594, 54, 67.910744, 71,  1.042195, 73,740.484990, 77, 42.500000, 79,  1.224520, 83,     33026,110,         1, 86,  1.267283, 60,156.782181
48C,2023/07/07 13:23:00, 50,  0.853597, 51, 70.194702, 53,  0.802053, 54, 68.625931, 71,  1.042321, 73,740.478398, 77, 42.343750, 79,  1.225118, 83,     33026,110,         1, 86,  0.893739, 60,157.503433
49C,2023/07/07 13:24:00, 50,  0.875549, 51, 64.579117, 53,  0.850749, 54, 67.147774, 71,  1.041985, 73,740.476811, 77, 42.281250, 79,  1.229428, 83,     33026,110,         1, 86,  0.456453, 60,157.503433
46C,2023/07/07 13:25:00, 50,  0.651375, 51, 64.029770, 53,  0.743584, 54, 65.209122, 71,  1.042405, 73,740.503422, 77, 42.468750, 79,  1.210470, 83,     33026,110,         1, 86,  0.902709, 60,155.036362
4CC,2023/07/07 13:26:00, 50,  1.030693, 51, 63.175232, 53,  0.752312, 54, 62.590210, 71,  1.041943, 73,740.501958, 77, 42.687500, 79,  1.268486, 83,     33026,110,         1, 86,  1.322778, 60,155.036362
49C,2023/07/07 13:27:00, 50,  0.726912, 51, 64.518082, 53,  0.925571, 54, 64.938194, 71,  1.041943, 73,740.525761, 77, 42.875000, 79,  1.236733, 83,     33026,110,         1, 86,  0.492004, 60,135.374069
47C,2023/07/07 13:28:00, 50,  0.829911, 51, 65.006393, 53,  0.812835, 54, 63.431519, 71,  1.042153, 73,740.513798, 77, 42.750000, 79,  1.237348, 83,     33026,110,         1, 86,  0.303461, 60,135.374069
48C,2023/07/07 13:29:00, 50,  0.559555, 51, 64.701202, 53,  0.749041, 54, 65.848465, 71,  1.041902, 73,740.484379, 77, 42.312500, 79,  1.219378, 83,     33026,110,         1, 86,  0.567753, 60,139.701721
46C,2023/07/07 13:30:00, 50,  0.758769, 51, 64.518082, 53,  0.685740, 54, 65.480400, 71,  1.041860, 73,740.474858, 77, 41.812500, 79,  1.203421, 83,     33026,110,         1, 86,  0.502286, 60,139.701721
4FC,2023/07/07 13:31:00, 50,  0.669196, 51, 66.044067, 53,  0.583182, 54, 64.010384, 71,  1.042405, 73,740.445561, 77, 41.375000, 79,  1.204258, 83,     33026,110,         1, 86,  0.546773, 60,140.768463
4FC,2023/07/07 13:32:00, 50,  1.053655, 51, 65.799896, 53,  0.732065, 54, 65.721207, 71,  1.041776, 73,740.468632, 77, 41.187500, 79,  1.229822, 83,     33026,110,         1, 86,  0.988118, 60,140.768463
47C,2023/07/07 13:33:00, 50,  0.646376, 51, 64.640152, 53,  0.779471, 54, 67.897537, 71,  1.041734, 73,740.454838, 77, 41.250000, 79,  1.200548, 83,     33026,110,         1, 86,  0.216982, 60,140.913086
42C,2023/07/07 13:34:00, 50,  0.908587, 51, 66.532364, 53,  0.786930, 54, 65.846603, 71,  1.042153, 73,740.419682, 77, 41.281250, 79,  1.217845, 83,     33026,110,         1, 86,  1.331052, 60,140.913086
4AC,2023/07/07 13:35:00, 50,  1.075806, 51, 62.747963, 53,  0.911454, 54, 62.195496, 71,  1.041147, 73,740.421879, 77, 41.343750, 79,  1.224503, 83,     33026,110,         1, 86,  1.050418, 60,155.697662
41C,2023/07/07 13:36:00, 50,  0.758026, 51, 65.677826, 53,  0.868203, 54, 62.423058, 71,  1.040853, 73,740.416264, 77, 41.375000, 79,  1.236687, 83,     33026,110,         1, 86,  0.896540, 60,155.697662
46C,2023/07/07 13:37:00, 50,  0.902386, 51, 65.128479, 53,  0.929366, 54, 65.428535, 71,  1.041650, 73,740.417241, 77, 41.437500, 79,  1.211894, 83,     33026,110,         1, 86,  0.322930, 60,133.875229
47C,2023/07/07 13:38:00, 50,  0.902843, 51, 63.419388, 53,  0.929974, 54, 63.950333, 71,  1.041818, 73,740.408574, 77, 41.437500, 79,  1.222248, 83,     33026,110,         1, 86,  0.844619, 60,133.875229
45C,2023/07/07 13:39:00, 50,  0.915944, 51, 68.485611, 53,  0.681209, 54, 65.644188, 71,  1.042111, 73,740.400883, 77, 41.531250, 79,  1.227932, 83,     33026,110,         1, 86,  1.068460, 60,130.055801
49C,2023/07/07 13:40:00, 50,  1.069711, 51, 65.067444, 53,  0.761689, 54, 67.758255, 71,  1.041440, 73,740.405888, 77, 41.531250, 79,  1.204931, 83,     33026,110,         1, 86,  1.347895, 60,130.055801
4DC,2023/07/07 13:41:00, 50,  0.646819, 51, 62.747963, 53,  0.696096, 54, 62.711273, 71,  1.042069, 73,740.419316, 77, 41.593750, 79,  1.227821, 83,     33026,110,         1, 86,  0.932938, 60,132.549637
4EC,2023/07/07 13:42:00, 50,  0.690323, 51, 63.236267, 53,  0.652909, 54, 62.982864, 71,  1.042153, 73,740.397710, 77, 41.625000, 79,  1.236292, 83,     33026,110,         1, 86,  0.873181, 60,132.549637
49C,2023/07/07 13:43:00, 50,  0.614090, 51, 65.677826, 53,  0.816867, 54, 64.269753, 71,  1.041147, 73,740.388798, 77, 41.656250, 79,  1.225907, 83,     33026,110,         1, 86,  0.751353, 60,133.491745
40C,2023/07/07 13:44:00, 50,  1.041039, 51, 61.527191, 53,  0.587608, 54, 63.831329, 71,  1.041734, 73,740.372563, 77, 41.750000, 79,  1.219298, 83,     33026,110,         1, 86,  1.164375, 60,133.491745
4DC,2023/07/07 13:45:00, 50,  0.769758, 51, 69.034958, 53,  0.718669, 54, 68.860931, 71,  1.042321, 73,740.386479, 77, 40.593750, 79,  1.250394, 83,     33026,110,         1, 86,  1.276347, 60,133.486145
5DC,2023/07/07 13:47:00, 50,  0.000000, 51,  0.000000, 53,-9999.0000, 54,-9999.0000, 71,  0.000000, 73,999.900029, 77, 41.031250, 79,  1.297924, 83,     49155,110,        29, 86,  0.000000, 60,  0.000000
54C,2023/07/07 13:48:00, 50,  0.000000, 51,  0.000000, 53,-9999.0000, 54,-9999.0000, 71,  0.000000, 73,739.774541, 77, 40.843750, 79,  1.202709, 83,     49155,110,        29, 86,  0.000000, 60,  0.000000
55C,2023/07/07 13:49:00, 50,  0.000000, 51,  0.000000, 53,-9999.0000, 54,-9999.0000, 71,  0.000000, 73,742.753667, 77, 40.718750, 79,  1.195387, 83,     49155,110,        29, 86,  0.000000, 60,  0.000000
54C,2023/07/07 13:50:00, 50,  0.000000, 51,  0.000000, 53,-9999.0000, 54,-9999.0000, 71,  1.041189, 73,742.889165, 77, 40.781250, 79,  1.218044, 83,         3,110,        29, 86,  0.000000, 60,  0.000000
5CC,2023/07/07 13:51:00, 50,  0.000000, 51,  0.000000, 53,-9999.0000, 54,-9999.0000, 71,  1.040266, 73,742.925175, 77, 41.187500, 79,  1.254106, 83,         3,110,        29, 86,  0.000000, 60,  0.000000
51C,2023/07/07 13:52:00, 50,  0.000000, 51,  0.000000, 53,-9999.0000, 54,-9999.0000, 71,  1.040811, 73,742.915166, 77, 41.687500, 79,  1.206332, 83,         3,110,        29, 86,  0.000000, 60,  0.000000
5BC,2023/07/07 13:53:00, 50,  0.000000, 51,  0.000000, 53,-9999.0000, 54,-9999.0000, 71,  1.040643, 73,742.915166, 77, 42.000000, 79,  1.186589, 83,         3,110,        29, 86,  0.000000, 60,  0.000000
56C,2023/07/07 13:54:00, 50,  0.000000, 51,  0.000000, 53,-9999.0000, 54,-9999.0000, 71,  1.040434, 73,742.915776, 77, 42.312500, 79,  1.220414, 83,         3,110,        29, 86,  0.000000, 60,  0.000000
52C,2023/07/07 13:55:00, 50,  0.000000, 51,  0.000000, 53,-9999.0000, 54,-9999.0000, 71,  1.040266, 73,742.896611, 77, 42.531250, 79,  1.192356, 83,         3,110,        29, 86,  0.000000, 60,  0.000000
53C,2023/07/07 13:56:00, 50,  0.000000, 51,  0.000000, 53,-9999.0000, 54,-9999.0000, 71,  1.039511, 73,742.926152, 77, 42.656250, 79,  1.193103, 83,         3,110,        29, 86,  0.000000, 60,  0.000000
5CC,2023/07/07 13:57:00, 50,  0.000000, 51,  0.000000, 53,-9999.0000, 54,-9999.0000, 71,  1.040517, 73,742.920048, 77, 42.812500, 79,  1.199916, 83,         3,110,        29, 86,  0.000000, 60,  0.000000
58C,2023/07/07 13:58:00, 50,  0.000000, 51,  0.000000, 53,-9999.0000, 54,-9999.0000, 71,  1.040350, 73,742.943120, 77, 42.906250, 79,  1.186301, 83,         3,110,        29, 86,  0.000000, 60,  0.000000
5CC,2023/07/07 13:59:00, 50,  0.000000, 51,  0.000000, 53,-9999.0000, 54,-9999.0000, 71,  1.039930, 73,742.964360, 77, 43.218750, 79,  1.226492, 83,         3,110,        29, 86,  0.000000, 60,  0.000000
5AC,2023/07/07 14:00:00, 50,  0.000000, 51,  0.000000, 53,-9999.0000, 54,-9999.0000, 71,  1.040517, 73,742.993291, 77, 43.500000, 79,  1.221988, 83,         3,110,        29, 86,  0.000000, 60,  0.000000
59C,2023/07/07 14:01:00, 50,  0.000000, 51,  0.000000, 53,-9999.0000, 54,-9999.0000, 71,  1.040643, 73,743.017705, 77, 43.593750, 79,  1.201186, 83,         3,110,        29, 86,  0.000000, 60,  0.000000
59C,2023/07/07 14:02:00, 50,  0.000000, 51,  0.000000, 53,-9999.0000, 54,-9999.0000, 71,  1.040224, 73,743.011235, 77, 43.343750, 79,  1.210750, 83,         3,110,        29, 86,  0.000000, 60,  0.000000
5EC,2023/07/07 14:03:00, 50,  0.000000, 51,  0.000000, 53,-9999.0000, 54,-9999.0000, 71,  1.040392, 73,742.995488, 77, 43.312500, 79,  1.197425, 83,         3,110,        29, 86,  0.000000, 60,  0.000000
52C,2023/07/07 14:04:00, 50,  0.000000, 51,  0.000000, 53,-9999.0000, 54,-9999.0000, 71,  1.040140, 73,742.986211, 77, 43.375000, 79,  1.227490, 83,         3,110,        29, 86,  0.000000, 60,  0.000000
59C,2023/07/07 14:05:00, 50,  0.000000, 51,  0.000000, 53,-9999.0000, 54,-9999.0000, 71,  1.040224, 73,743.009648, 77, 43.625000, 79,  1.200523, 83,         3,110,        29, 86,  0.000000, 60,  0.000000
58C,2023/07/07 14:06:00, 50,  0.000000, 51,  0.000000, 53,-9999.0000, 54,-9999.0000, 71,  1.040098, 73,742.993046, 77, 43.593750, 79,  1.214108, 83,         3,110,        29, 86,  0.000000, 60,  0.000000
57C,2023/07/07 14:07:00, 50,  0.000000, 51,  0.000000, 53,-9999.0000, 54,-9999.0000, 71,  1.040056, 73,742.991704, 77, 43.750000, 79,  1.197054, 83,         3,110,        29, 86,  0.000000, 60,  0.000000
59C,2023/07/07 14:08:00, 50,  0.000000, 51,  0.000000, 53,-9999.0000, 54,-9999.0000, 71,  1.040224, 73,742.974614, 77, 43.562500, 79,  1.219971, 83,         3,110,        29, 86,  0.000000, 60,  0.000000
52C,2023/07/07 14:09:00, 50,  0.000000, 51,  0.000000, 53,-9999.0000, 54,-9999.0000, 71,  1.039930, 73,742.994145, 77, 43.531250, 79,  1.193863, 83,         3,110,        29, 86,  0.000000, 60,  0.000000
51C,2023/07/07 14:10:00, 50,  0.000000, 51,  0.000000, 53,-9999.0000, 54,-9999.0000, 71,  1.040014, 73,742.975224, 77, 43.406250, 79,  1.217868, 83,         3,110,        29, 86,  0.000000, 60,  0.000000
5BC,2023/07/07 14:11:00, 50,  0.000000, 51,  0.000000, 53,-9999.0000, 54,-9999.0000, 71,  1.039763, 73,742.971318, 77, 43.187500, 79,  1.193384, 83,         3,110,        29, 86,  0.000000, 60,  0.000000
5EC,2023/07/07 14:12:00, 50,  0.000000, 51,  0.000000, 53,-9999.0000, 54,-9999.0000, 71,  1.039846, 73,742.964482, 77, 43.125000, 79,  1.218419, 83,         3,110,        29, 86,  0.000000, 60,  0.000000
50C,2023/07/07 14:13:00, 50,  0.000000, 51,  0.000000, 53,-9999.0000, 54,-9999.0000, 71,  1.040182, 73,742.985722, 77, 43.468750, 79,  1.215801, 83,         3,110,        29, 86,  0.000000, 60,  0.000000
58C,2023/07/07 14:14:00, 50,  0.000000, 51,  0.000000, 53,-9999.0000, 54,-9999.0000, 71,  1.039888, 73,742.965337, 77, 43.625000, 79,  1.201845, 83,         3,110,        29, 86,  0.000000, 60,  0.000000
54C,2023/07/07 14:15:00, 50,  0.000000, 51,  0.000000, 53,-9999.0000, 54,-9999.0000, 71,  1.039637, 73,742.970463, 77, 43.437500, 79,  1.192818, 83,         3,110,        29, 86,  0.000000, 60,  0.000000
54C,2023/07/07 14:16:00, 50,  0.000000, 51,  0.000000, 53,-9999.0000, 54,-9999.0000, 71,  1.040266, 73,742.966801, 77, 43.531250, 79,  1.217118, 83,         3,110,        29, 86,  0.000000, 60,  0.000000
5DC,2023/07/07 14:17:00, 50,  0.000000, 51,  0.000000, 53,-9999.0000, 54,-9999.0000, 71,  1.040098, 73,742.949712, 77, 43.375000, 79,  1.192581, 83,         3,110,        29, 86,  0.000000, 60,  0.000000
5DC,2023/07/07 14:18:00, 50,  0.000000, 51,  0.000000, 53,-9999.0000, 54,-9999.0000, 71,  1.039134, 73,742.936894, 77, 43.031250, 79,  1.191260, 83,         3,110,        29, 86,  0.000000, 60,  0.000000
51C,2023/07/07 14:19:00, 50,  0.000000, 51,  0.000000, 53,-9999.0000, 54,-9999.0000, 71,  1.040098, 73,742.932255, 77, 42.812500, 79,  1.218597, 83,         3,110,        29, 86,  0.000000, 60,  0.000000
5DC,2023/07/07 14:20:00, 50,  0.000000, 51,  0.000000, 53,-9999.0000, 54,-9999.0000, 71,  1.039721, 73,742.958623, 77, 42.718750, 79,  1.214504, 83,         3,110,        29, 86,  0.000000, 60,  0.000000
50C,2023/07/07 14:21:00, 50,  0.000000, 51,  0.000000, 53,-9999.0000, 54,-9999.0000, 71,  1.039721, 73,742.951543, 77, 42.875000, 79,  1.207445, 83,         3,110,        29, 86,  0.000000, 60,  0.000000
5FC,2023/07/07 14:22:00, 50,  0.000000, 51,  0.000000, 53,-9999.0000, 54,-9999.0000, 71,  1.039846, 73,742.935429, 77, 43.312500, 79,  1.200111, 83,         3,110,        29, 86,  0.000000, 60,  0.000000
5EC,2023/07/07 14:23:00, 50,  0.000000, 51,  0.000000, 53,-9999.0000, 54,-9999.0000, 71,  1.039972, 73,742.942143, 77, 43.718750, 79,  1.210134, 83,         3,110,        29, 86,  0.000000, 60,  0.000000
56C,2023/07/07 14:24:00, 50,  0.000000, 51,  0.000000, 53,-9999.0000, 54,-9999.0000, 71,  1.039469, 73,742.927006, 77, 44.031250, 79,  1.206015, 83,         3,110,        29, 86,  0.000000, 60,  0.000000
57C,2023/07/07 14:25:00, 50,  0.000000, 51,  0.000000, 53,-9999.0000, 54,-9999.0000, 71,  1.040056, 73,742.954228, 77, 44.468750, 79,  1.208964, 83,         3,110,        29, 86,  0.000000, 60,  0.000000
57C,2023/07/07 14:26:00, 50,  0.000000, 51,  0.000000, 53,-9999.0000, 54,-9999.0000, 71,  1.040308, 73,742.920903, 77, 44.812500, 79,  1.229523, 83,         3,110,        29, 86,  0.000000, 60,  0.000000
57C,2023/07/07 14:27:00, 50,  0.000000, 51,  0.000000, 53,-9999.0000, 54,-9999.0000, 71,  1.039343, 73,742.925297, 77, 44.843750, 79,  1.218006, 83,         3,110,        29, 86,  0.000000, 60,  0.000000
5AC,2023/07/07 14:28:00, 50,  0.000000, 51,  0.000000, 53,-9999.0000, 54,-9999.0000, 71,  1.039427, 73,742.760258, 77, 44.062500, 79,  1.213659, 83,         3,110,        29, 86,  0.000000, 60,  0.000000
53C,2023/07/07 14:29:00, 50,  0.000000, 51,  0.000000, 53,-9999.0000, 54,-9999.0000, 71,  1.039092, 73,742.770146, 77, 43.375000, 79,  1.208228, 83,         3,110,        29, 86,  0.000000, 60,  0.000000
5AC,2023/07/07 14:30:00, 50,  0.000000, 51,  0.000000, 53,-9999.0000, 54,-9999.0000, 71,  1.039511, 73,742.776372, 77, 42.968750, 79,  1.190201, 83,         3,110,        29, 86,  0.000000, 60,  0.000000
