50C,2023/05/24 10:12:00, 50,  0.000000, 51,  0.000000, 53,-9999.0000, 54,-9999.0000, 71,  0.000000, 73,  0.000000, 77, 23.875000, 79,  0.000000, 83,         3,110,        29, 86,  0.000000, 60,  0.000000
59C,2023/05/24 10:13:00, 50,  0.000000, 51,  0.000000, 53,-9999.0000, 54,-9999.0000, 71,  0.000000, 73,743.616460, 77, 23.281250, 79,  1.228478, 83,     49155,110,        29, 86,  0.000000, 60,  0.000000
55C,2023/05/24 10:14:00, 50,  0.000000, 51,  0.000000, 53,-9999.0000, 54,-9999.0000, 71,  0.000000, 73,747.991215, 77, 23.687500, 79,  1.247119, 83,     49155,110,        29, 86,  0.000000, 60,  0.000000
53C,2023/05/24 10:15:00, 50,  0.000000, 51,  0.000000, 53,-9999.0000, 54,-9999.0000, 71,  1.052806, 73,747.804082, 77, 24.437500, 79,  1.214761, 83,         3,110,        29, 86,  0.000000, 60,  0.000000
53C,2023/05/24 10:16:00, 50,  0.000000, 51,  0.000000, 53,-9999.0000, 54,-9999.0000, 71,  1.053099, 73,747.759282, 77, 25.062500, 79,  1.229174, 83,         3,110,        29, 86,  0.000000, 60,  0.000000
57C,2023/05/24 10:17:00, 50,  0.000000, 51,  0.000000, 53,-9999.0000, 54,-9999.0000, 71,  1.053435, 73,747.801518, 77, 25.687500, 79,  1.224524, 83,         3,110,        29, 86,  0.000000, 60,  0.000000
5EC,2023/05/24 10:18:00, 50,  0.000000, 51,  0.000000, 53,-9999.0000, 54,-9999.0000, 71,  1.053267, 73,747.831181, 77, 26.031250, 79,  1.234945, 83,         3,110,        29, 86,  0.000000, 60,  0.000000
5BC,2023/05/24 10:19:00, 50,  0.000000, 51,  0.000000, 53,-9999.0000, 54,-9999.0000, 71,  1.053770, 73,747.873051, 77, 26.656250, 79,  1.240203, 83,         3,110,        29, 86,  0.000000, 60,  0.000000
5BC,2023/05/24 10:20:00, 50,  0.000000, 51,  0.000000, 53,-9999.0000, 54,-9999.0000, 71,  1.053896, 73,747.908208, 77, 27.343750, 79,  1.249113, 83,         3,110,        29, 86,  0.000000, 60,  0.000000
5BC,2023/05/24 10:26:00, 50,  0.000000, 51,  0.000000, 53,-9999.0000, 54,-9999.0000, 71,  1.054064, 73,747.924809, 77, 27.718750, 79,  1.226724, 83,         3,110,        29, 86,  0.000000, 60,  0.000000
58C,2023/05/24 10:27:00, 50,  0.000000, 51,  0.000000, 53,-9999.0000, 54,-9999.0000, 71,  1.053896, 73,747.896977, 77, 27.906250, 79,  1.267819, 83,         3,110,        29, 86,  0.000000, 60,  0.000000
58C,2023/05/24 10:28:00, 50,  0.000000, 51,  0.000000, 53,-9999.0000, 54,-9999.0000, 71,  1.053980, 73,747.950810, 77, 28.187500, 79,  1.235687, 83,         3,110,        29, 86,  0.000000, 60,  0.000000
57C,2023/05/24 10:29:00, 50,  0.000000, 51,  0.000000, 53,-9999.0000, 54,-9999.0000, 71,  1.054106, 73,747.963139, 77, 28.562500, 79,  1.248313, 83,         3,110,        29, 86,  0.000000, 60,  0.000000
59C,2023/05/24 10:30:00, 50,  0.000000, 51,  0.000000, 53,-9999.0000, 54,-9999.0000, 71,  1.054399, 73,747.954228, 77, 28.625000, 79,  1.220791, 83,         3,110,        29, 86,  0.000000, 60,  0.000000
5EC,2023/05/24 10:31:00, 50,  0.000000, 51,  0.000000, 53,-9999.0000, 54,-9999.0000, 71,  1.054022, 73,747.978154, 77, 28.843750, 79,  1.250135, 83,         3,110,        29, 86,  0.000000, 60,  0.000000
5AC,2023/05/24 10:32:00, 50,  0.000000, 51,  0.000000, 53,-9999.0000, 54,-9999.0000, 71,  1.054693, 73,747.964970, 77, 28.750000, 79,  1.223206, 83,         3,110,        29, 86,  0.000000, 60,  0.000000
50C,2023/05/24 10:33:00, 50,  0.000000, 51,  0.000000, 53,-9999.0000, 54,-9999.0000, 71,  1.054609, 73,748.008061, 77, 29.187500, 79,  1.250115, 83,         3,110,        29, 86,  0.000000, 60,  0.000000
5CC,2023/05/24 10:34:00, 50,  0.000000, 51,  0.000000, 53,-9999.0000, 54,-9999.0000, 71,  1.054274, 73,747.981328, 77, 29.343750, 79,  1.229381, 83,         3,110,        29, 86,  0.000000, 60,  0.000000
59C,2023/05/24 10:35:00, 50,  0.000000, 51,  0.000000, 53,-9999.0000, 54,-9999.0000, 71,  1.054106, 73,747.973149, 77, 29.437500, 79,  1.258603, 83,         3,110,        29, 86,  0.000000, 60,  0.000000
5AC,2023/05/24 10:36:00, 50,  0.000000, 51,  0.000000, 53,-9999.0000, 54,-9999.0000, 71,  1.054651, 73,747.989995, 77, 29.843750, 79,  1.229354, 83,         3,110,        29, 86,  0.000000, 60,  0.000000
55C,2023/05/24 10:37:00, 50,  0.000000, 51,  0.000000, 53,-9999.0000, 54,-9999.0000, 71,  1.054190, 73,747.986943, 77, 30.312500, 79,  1.219634, 83,         3,110,        29, 86,  0.000000, 60,  0.000000
59C,2023/05/24 10:38:00, 50,  0.000000, 51,  0.000000, 53,-9999.0000, 54,-9999.0000, 71,  1.055238, 73,748.003545, 77, 30.593750, 79,  1.179439, 83,         3,110,        29, 86,  0.000000, 60,  0.000000
5FC,2023/05/24 10:39:00, 50,  0.000000, 51,  0.000000, 53,-9999.0000, 54,-9999.0000, 71,  1.055154, 73,747.999150, 77, 30.843750, 79,  1.218463, 83,         3,110,        29, 86,  0.000000, 60,  0.000000
5AC,2023/05/24 10:40:00, 50,  0.000000, 51,  0.000000, 53,-9999.0000, 54,-9999.0000, 71,  1.055070, 73,747.983647, 77, 30.968750, 79,  1.232676, 83,         3,110,        29, 86,  0.000000, 60,  0.000000
55C,2023/05/24 10:41:00, 50,  0.000000, 51,  0.000000, 53,-9999.0000, 54,-9999.0000, 71,  1.054903, 73,748.028325, 77, 31.156250, 79,  1.212011, 83,         3,110,        29, 86,  0.000000, 60,  0.000000
50C,2023/05/24 10:42:00, 50,  0.000000, 51,  0.000000, 53,-9999.0000, 54,-9999.0000, 71,  1.055238, 73,748.053960, 77, 31.750000, 79,  1.211623, 83,         3,110,        29, 86,  0.000000, 60,  0.000000
5AC,2023/05/24 10:43:00, 50,  0.000000, 51,  0.000000, 53,-9999.0000, 54,-9999.0000, 71,  1.055196, 73,748.061284, 77, 31.843750, 79,  1.196679, 83,         3,110,        29, 86,  0.000000, 60,  0.000000
50C,2023/05/24 10:44:00, 50,  0.000000, 51,  0.000000, 53,-9999.0000, 54,-9999.0000, 71,  1.054861, 73,748.104253, 77, 31.781250, 79,  1.217939, 83,         3,110,        29, 86,  0.000000, 60,  0.000000
59C,2023/05/24 10:45:00, 50,  0.000000, 51,  0.000000, 53,-9999.0000, 54,-9999.0000, 71,  1.055574, 73,748.153447, 77, 31.968750, 79,  1.250094, 83,         3,110,        29, 86,  0.000000, 60,  0.000000
55C,2023/05/24 10:46:00, 50,  0.000000, 51,  0.000000, 53,-9999.0000, 54,-9999.0000, 71,  1.055280, 73,748.067754, 77, 31.375000, 79,  1.246280, 83,         3,110,        29, 86,  0.000000, 60,  0.000000
52C,2023/05/24 10:47:00, 50,  0.000000, 51,  0.000000, 53,-9999.0000, 54,-9999.0000, 71,  1.054861, 73,748.091191, 77, 30.812500, 79,  1.230809, 83,         3,110,        29, 86,  0.000000, 60,  0.000000
5AC,2023/05/24 10:48:00, 50,  0.000000, 51,  0.000000, 53,-9999.0000, 54,-9999.0000, 71,  1.054987, 73,748.161870, 77, 30.718750, 79,  1.230423, 83,         3,110,        29, 86,  0.000000, 60,  0.000000
55C,2023/05/24 10:49:00, 50,  0.000000, 51,  0.000000, 53,-9999.0000, 54,-9999.0000, 71,  1.055322, 73,748.165288, 77, 30.625000, 79,  1.223009, 83,         3,110,        29, 86,  0.000000, 60,  0.000000
5AC,2023/05/24 10:50:00, 50,  0.000000, 51,  0.000000, 53,-9999.0000, 54,-9999.0000, 71,  1.055742, 73,748.206670, 77, 30.687500, 79,  1.250000, 83,         3,110,        29, 86,  0.000000, 60,  0.000000
59C,2023/05/24 10:51:00, 50,  0.000000, 51,  0.000000, 53,-9999.0000, 54,-9999.0000, 71,  1.055196, 73,748.255498, 77, 31.031250, 79,  1.233453, 83,         3,110,        29, 86,  0.000000, 60,  0.000000
5CC,2023/05/24 10:52:00, 50,  0.000000, 51,  0.000000, 53,-9999.0000, 54,-9999.0000, 71,  1.054483, 73,748.257939, 77, 31.312500, 79,  1.205467, 83,         3,110,        29, 86,  0.000000, 60,  0.000000
54C,2023/05/24 10:53:00, 50,  0.000000, 51,  0.000000, 53,-9999.0000, 54,-9999.0000, 71,  1.055280, 73,748.282231, 77, 31.718750, 79,  1.236028, 83,         3,110,        29, 86,  0.000000, 60,  0.000000
56C,2023/05/24 10:54:00, 50,  0.000000, 51,  0.000000, 53,-9999.0000, 54,-9999.0000, 71,  1.055364, 73,748.280278, 77, 32.156250, 79,  1.225571, 83,         3,110,        29, 86,  0.000000, 60,  0.000000
5DC,2023/05/24 10:55:00, 50,  0.000000, 51,  0.000000, 53,-9999.0000, 54,-9999.0000, 71,  1.055616, 73,748.309941, 77, 32.281250, 79,  1.238915, 83,         3,110,        29, 86,  0.000000, 60,  0.000000
40C,2023/05/24 10:56:00, 50,  0.000000, 51,308.246277, 53,-9999.0000, 54,-9999.0000, 71,  1.055616, 73,748.301640, 77, 32.156250, 79,  1.229386, 83,         6,110,         6, 86,  0.000000, 60,  0.000000
4BC,2023/05/24 10:57:00, 50,  0.000000, 51,314.533325, 53,-9999.0000, 54,-9999.0000, 71,  1.055238, 73,748.340092, 77, 32.187500, 79,  1.230193, 83,         6,110,         6, 86,  0.000000, 60,  0.000000
44C,2023/05/24 10:58:00, 50,  0.000000, 51,319.477417, 53,-9999.0000, 54,-9999.0000, 71,  1.056161, 73,748.296269, 77, 32.125000, 79,  1.209314, 83,         6,110,         6, 86,  0.000000, 60,  0.000000
42C,2023/05/24 10:59:00, 50,  0.000000, 51,319.721619, 53,  0.000000, 54,319.721191, 71,  1.055238, 73,748.210332, 77, 31.906250, 79,  1.227600, 83,         6,110,         7, 86,  0.000000, 60,  0.000000
4FC,2023/05/24 11:00:00, 50,  0.000000, 51,318.928101, 53,  0.000000, 54,319.482910, 71,  1.054945, 73,748.158452, 77, 31.906250, 79,  1.228501, 83,         6,110,         7, 86,  0.000000, 60,  0.000000
46C,2023/05/24 11:01:00, 50,  0.000000, 51,322.468323, 53,  0.000000, 54,324.253082, 71,  1.057755, 73,748.167119, 77, 32.062500, 79,  1.201264, 83,         2,110,         0, 86,  0.000000, 60,  0.000000
45C,2023/05/24 11:02:00, 50,  0.000000, 51,320.820312, 53,-9999.0000, 54,-9999.0000, 71,  1.057839, 73,748.266240, 77, 32.281250, 79,  1.221862, 83,         2,110,         0, 86,  0.000000, 60,  0.000000
4EC,2023/05/24 11:03:00, 50,  0.000000, 51,315.509888, 53,-9999.0000, 54,-9999.0000, 71,  1.058090, 73,748.251958, 77, 32.031250, 79,  1.258847, 83,         2,110,         0, 86,  0.000000, 60,  0.000000
4CC,2023/05/24 11:04:00, 50,  0.064464, 51,312.335876, 53,  0.084524, 54,312.579956, 71,  1.057251, 73,748.302129, 77, 31.968750, 79,  1.210878, 83,         2,110,         1, 86,  0.093472, 60,  0.000000
58C,2023/05/24 11:05:00, 50,  0.173665, 51,309.894348, 53,  0.122837, 54,311.890930, 71,  1.058300, 73,748.290044, 77, 31.656250, 79,  1.221460, 83,         2,110,         1, 86,  0.086467, 60, 34.732937
5CC,2023/05/24 11:06:00, 50,  0.094835, 51,310.382690, 53,  0.123792, 54,310.768738, 71,  1.057839, 73,748.307622, 77, 31.625000, 79,  1.207559, 83,         2,110,         1, 86,  0.110608, 60, 34.732937
5EC,2023/05/24 11:07:00, 50,  0.085121, 51,310.687866, 53,  0.084713, 54,311.379456, 71,  1.057964, 73,748.352299, 77, 31.937500, 79,  1.206326, 83,         2,110,         1, 86, -0.005572, 60, 38.038471
53C,2023/05/24 11:08:00, 50,  0.100836, 51,318.806030, 53,  0.092094, 54,314.170654, 71,  1.058132, 73,748.372685, 77, 32.218750, 79,  1.234535, 83,         2,110,         1, 86,  0.360023, 60, 38.038471
51C,2023/05/24 11:09:00, 50,  0.095048, 51,314.594360, 53,  0.097938, 54,315.997925, 71,  1.057209, 73,748.360112, 77, 32.562500, 79,  1.228440, 83,         2,110,         1, 86, -0.060578, 60, 41.548798
53C,2023/05/24 11:10:00, 50,  0.084788, 51,312.885254, 53,  0.092294, 54,313.122864, 71,  1.057419, 73,748.399663, 77, 32.937500, 79,  1.207416, 83,         2,110,         1, 86,  0.071005, 60, 41.548798
59C,2023/05/24 11:11:00, 50,  0.081843, 51,311.298218, 53,  0.081128, 54,312.345581, 71,  1.058384, 73,748.343266, 77, 32.500000, 79,  1.214219, 83,         2,110,         1, 86,  0.075580, 60, 43.562656
57C,2023/05/24 11:12:00, 50,  0.091270, 51,311.786560, 53,  0.086892, 54,311.355713, 71,  1.057797, 73,748.382451, 77, 32.687500, 79,  1.220218, 83,         2,110,         1, 86,  0.164467, 60, 43.562656
54C,2023/05/24 11:13:00, 50,  0.103125, 51,313.434631, 53,  0.097932, 54,312.250000, 71,  1.057335, 73,748.437749, 77, 32.875000, 79,  1.230146, 83,         2,110,         1, 86,  0.062712, 60, 46.619015
5EC,2023/05/24 11:14:00, 50,  0.096691, 51,319.599548, 53,  0.099432, 54,318.159973, 71,  1.057797, 73,748.469609, 77, 33.406250, 79,  1.239803, 83,         2,110,         1, 86, -0.043347, 60, 46.619015
55C,2023/05/24 11:15:00, 50,  0.092356, 51,315.754089, 53,  0.095868, 54,317.702820, 71,  1.057503, 73,748.425542, 77, 33.031250, 79,  1.210186, 83,         2,110,         1, 86,  0.024354, 60, 48.462868
59C,2023/05/24 11:16:00, 50,  0.097554, 51,310.260620, 53,  0.094114, 54,313.850403, 71,  1.057042, 73,748.499760, 77, 33.406250, 79,  1.215286, 83,         2,110,         1, 86, -0.052065, 60, 48.462868
59C,2023/05/24 11:17:00, 50,  0.096708, 51,310.870972, 53,  0.095706, 54,310.622253, 71,  1.058132, 73,748.524174, 77, 33.812500, 79,  1.246410, 83,         2,110,         1, 86, -0.081549, 60, 50.192482
5DC,2023/05/24 11:18:00, 50,  0.095557, 51,314.411255, 53,  0.096206, 54,312.982178, 71,  1.057755, 73,748.505009, 77, 34.031250, 79,  1.231210, 83,         2,110,         1, 86, -0.055515, 60, 50.192482
5CC,2023/05/24 11:19:00, 50,  0.094793, 51,316.913818, 53,  0.095120, 54,315.670227, 71,  1.058006, 73,748.531865, 77, 34.343750, 79,  1.247822, 83,         2,110,         1, 86,  0.038591, 60, 51.465733
55C,2023/05/24 11:20:00, 50,  0.093929, 51,316.486572, 53,  0.094494, 54,316.874695, 71,  1.058090, 73,748.477910, 77, 34.500000, 79,  1.221474, 83,         2,110,         1, 86,  0.017214, 60, 51.465733
5BC,2023/05/24 11:21:00, 50,  0.096607, 51,314.472290, 53,  0.095589, 54,314.342712, 71,  1.056832, 73,748.478764, 77, 33.968750, 79,  1.237510, 83,         2,110,         1, 86,  0.050556, 60, 52.508327
5EC,2023/05/24 11:22:00, 50,  0.097633, 51,314.838501, 53,  0.095886, 54,314.840210, 71,  1.058300, 73,748.440190, 77, 33.281250, 79,  1.258107, 83,         2,110,         1, 86,  0.276375, 60, 52.508327
57C,2023/05/24 11:23:00, 50,  0.103792, 51,319.355347, 53,  0.100627, 54,317.689636, 71,  1.058132, 73,748.450566, 77, 33.125000, 79,  1.225815, 83,         2,110,         1, 86,  0.408121, 60, 53.572334
55C,2023/05/24 11:24:00, 50,  0.115339, 51,317.829407, 53,  0.110544, 54,318.404724, 71,  1.057797, 73,748.399296, 77, 32.531250, 79,  1.230613, 83,         2,110,         1, 86,  0.125190, 60, 53.572334
56C,2023/05/24 11:25:00, 50,  0.119431, 51,319.538452, 53,  0.117586, 54,318.806580, 71,  1.057964, 73,748.391972, 77, 32.281250, 79,  1.219427, 83,         2,110,         1, 86,  0.268560, 60, 55.075089
5FC,2023/05/24 11:26:00, 50,  0.124636, 51,313.617737, 53,  0.122929, 54,316.603210, 71,  1.057167, 73,748.412724, 77, 32.062500, 79,  1.216908, 83,         2,110,         1, 86,  0.031884, 60, 55.075089
5EC,2023/05/24 11:27:00, 50,  0.130665, 51,315.815125, 53,  0.127953, 54,313.988708, 71,  1.057251, 73,748.417851, 77, 32.062500, 79,  1.238306, 83,         2,110,         1, 86,  0.284406, 60, 56.732586
5EC,2023/05/24 11:28:00, 50,  0.138122, 51,312.396912, 53,  0.134439, 54,314.227783, 71,  1.057083, 73,748.471318, 77, 32.437500, 79,  1.238840, 83,         2,110,         1, 86,  0.334539, 60, 56.732586
55C,2023/05/24 11:29:00, 50,  0.142772, 51,315.998230, 53,  0.140442, 54,314.312622, 71,  1.058258, 73,748.445195, 77, 32.375000, 79,  1.243088, 83,         2,110,         1, 86,  0.155006, 60, 58.549446
59C,2023/05/24 11:30:00, 50,  0.143223, 51,317.463196, 53,  0.143047, 54,317.180969, 71,  1.057251, 73,748.377446, 77, 31.812500, 79,  1.218064, 83,         2,110,         1, 86,  0.099848, 60, 58.549446
5BC,2023/05/24 11:31:00, 50,  0.150192, 51,315.509888, 53,  0.146330, 54,317.034485, 71,  1.057713, 73,748.397954, 77, 31.875000, 79,  1.260469, 83,         2,110,         1, 86,  0.232901, 60, 60.178650
54C,2023/05/24 11:32:00, 50,  0.155827, 51,307.880066, 53,  0.153096, 54,310.684265, 71,  1.057839, 73,748.391850, 77, 31.843750, 79,  1.205458, 83,         2,110,         1, 86,  0.143719, 60, 60.178650
57C,2023/05/24 11:33:00, 50,  0.156875, 51,307.269714, 53,  0.156924, 54,307.793274, 71,  1.057167, 73,748.370732, 77, 32.000000, 79,  1.218737, 83,         2,110,         1, 86,  0.051081, 60, 61.537903
57C,2023/05/24 11:34:00, 50,  0.161095, 51,310.870972, 53,  0.159516, 54,308.656799, 71,  1.057125, 73,748.337163, 77, 31.812500, 79,  1.215879, 83,         2,110,         1, 86,  0.039999, 60, 61.537903
52C,2023/05/24 11:35:00, 50,  0.162270, 51,313.434631, 53,  0.162086, 54,314.590881, 71,  1.057629, 73,748.334477, 77, 31.937500, 79,  1.240975, 83,         2,110,         1, 86,  0.058977, 60, 62.515640
5BC,2023/05/24 11:36:00, 50,  0.163789, 51,317.768372, 53,  0.163352, 54,316.592712, 71,  1.056874, 73,748.328740, 77, 31.750000, 79,  1.218415, 83,         2,110,         1, 86,  0.079562, 60, 62.515640
55C,2023/05/24 11:37:00, 50,  0.164240, 51,310.565796, 53,  0.164106, 54,314.164612, 71,  1.057587, 73,748.353764, 77, 31.718750, 79,  1.211225, 83,         2,110,         1, 86,  0.103313, 60, 62.889381
53C,2023/05/24 11:38:00, 50,  0.167171, 51,310.504761, 53,  0.165687, 54,311.023071, 71,  1.057293, 73,748.351689, 77, 31.468750, 79,  1.231394, 83,         2,110,         1, 86,  0.231542, 60, 62.889381
59C,2023/05/24 11:39:00, 50,  0.170992, 51,309.589172, 53,  0.169535, 54,309.869446, 71,  1.058216, 73,748.416386, 77, 31.562500, 79,  1.249087, 83,         2,110,         1, 86,  0.122606, 60, 62.900284
57C,2023/05/24 11:40:00, 50,  0.170834, 51,311.542358, 53,  0.170618, 54,309.914612, 71,  1.057587, 73,748.324956, 77, 31.656250, 79,  1.243885, 83,         2,110,         1, 86,  0.220452, 60, 62.900284
57C,2023/05/24 11:41:00, 50,  0.170870, 51,315.998230, 53,  0.171202, 54,313.687561, 71,  1.057797, 73,748.337895, 77, 31.687500, 79,  1.247396, 83,         2,110,         1, 86,  0.288641, 60, 62.125595
57C,2023/05/24 11:42:00, 50,  0.171119, 51,310.321655, 53,  0.171286, 54,314.909302, 71,  1.057880, 73,748.394780, 77, 32.156250, 79,  1.213196, 83,         2,110,         1, 86,  0.314921, 60, 62.125595
57C,2023/05/24 11:43:00, 50,  0.171504, 51,309.589172, 53,  0.171580, 54,309.727295, 71,  1.058384, 73,748.440922, 77, 32.718750, 79,  1.255676, 83,         2,110,         1, 86,  0.076860, 60, 60.572571
5DC,2023/05/24 11:44:00, 50,  0.170005, 51,310.687866, 53,  0.170457, 54,311.494202, 71,  1.058216, 73,748.373662, 77, 32.468750, 79,  1.229815, 83,         2,110,         1, 86,  0.180636, 60, 60.572571
51C,2023/05/24 11:45:00, 50,  0.168121, 51,311.420288, 53,  0.169848, 54,309.443237, 71,  1.056748, 73,748.392583, 77, 32.687500, 79,  1.248542, 83,         2,110,         1, 86,  0.220070, 60, 57.994678
5CC,2023/05/24 11:46:00, 50,  0.166014, 51,312.763184, 53,  0.167093, 54,311.458557, 71,  1.057797, 73,748.334111, 77, 32.468750, 79,  1.251839, 83,         2,110,         1, 86, -0.050780, 60, 57.994678
58C,2023/05/24 11:47:00, 50,  0.165809, 51,310.321655, 53,  0.165348, 54,311.885437, 71,  1.058300, 73,748.322270, 77, 32.281250, 79,  1.245109, 83,         2,110,         1, 86,  0.127534, 60, 54.347733
5EC,2023/05/24 11:48:00, 50,  0.167429, 51,312.824219, 53,  0.166800, 54,310.622253, 71,  1.057587, 73,748.315312, 77, 32.468750, 79,  1.219134, 83,         2,110,         1, 86,  0.258039, 60, 54.347733
5AC,2023/05/24 11:49:00, 50,  0.166684, 51,313.495667, 53,  0.166941, 54,314.287842, 71,  1.058090, 73,748.269047, 77, 32.468750, 79,  1.213178, 83,         2,110,         1, 86,  0.261986, 60, 49.553165
59C,2023/05/24 11:50:00, 50,  0.165388, 51,313.800842, 53,  0.165748, 54,313.257385, 71,  1.057545, 73,748.277714, 77, 32.468750, 79,  1.233029, 83,         2,110,         1, 86,  0.380422, 60, 49.553165
58C,2023/05/24 11:51:00, 50,  0.166157, 51,309.833313, 53,  0.165823, 54,312.339722, 71,  1.057293, 73,748.258794, 77, 31.843750, 79,  1.235627, 83,         2,110,         1, 86, -0.000806, 60, 43.163776
52C,2023/05/24 11:52:00, 50,  0.167236, 51,314.350220, 53,  0.166600, 54,314.493347, 71,  1.056245, 73,748.254521, 77, 31.593750, 79,  1.221001, 83,         2,110,         1, 86,  0.190047, 60, 43.163776
53C,2023/05/24 11:53:00, 50,  0.168935, 51,315.937195, 53,  0.168523, 54,315.521729, 71,  1.057251, 73,748.306279, 77, 32.156250, 79,  1.227249, 83,         2,110,         1, 86,  0.229538, 60, 34.438461
56C,2023/05/24 11:54:00, 50,  0.169356, 51,310.382690, 53,  0.169579, 54,313.101013, 71,  1.058132, 73,748.327275, 77, 32.406250, 79,  1.229607, 83,         2,110,         1, 86, -0.064881, 60, 34.438461
59C,2023/05/24 11:55:00, 50,  0.170913, 51,309.711243, 53,  0.170460, 54,310.039307, 71,  1.057251, 73,748.343754, 77, 32.687500, 79,  1.236848, 83,         2,110,         1, 86,  0.030455, 60, 34.317055
5FC,2023/05/24 11:56:00, 50,  0.170657, 51,312.702148, 53,  0.170316, 54,311.213379, 71,  1.056455, 73,748.348515, 77, 32.593750, 79,  1.210016, 83,         2,110,         1, 86,  0.372125, 60, 34.317055
53C,2023/05/24 11:57:00, 50,  0.170589, 51,312.519043, 53,  0.170311, 54,312.662109, 71,  1.056790, 73,748.334233, 77, 32.531250, 79,  1.242883, 83,         2,110,         1, 86,  0.216765, 60, 33.296619
55C,2023/05/24 11:58:00, 50,  0.170572, 51,312.152771, 53,  0.170729, 54,312.864258, 71,  1.057419, 73,748.298344, 77, 32.531250, 79,  1.238722, 83,         2,110,         1, 86,  0.210196, 60, 33.296619
53C,2023/05/24 11:59:00, 50,  0.170030, 51,309.344971, 53,  0.170384, 54,311.113586, 71,  1.057797, 73,748.395634, 77, 33.312500, 79,  1.240984, 83,         2,110,         1, 86, -0.058940, 60, 32.516956
57C,2023/05/24 12:00:00, 50,  0.168003, 51,308.734619, 53,  0.169157, 54,308.717957, 71,  1.057839, 73,748.312627, 77, 32.937500, 79,  1.216170, 83,         2,110,         1, 86,  0.233648, 60, 32.516956
50C,2023/05/24 12:01:00, 50,  0.165077, 51,309.528137, 53,  0.166515, 54,309.397400, 71,  1.057671, 73,748.361211, 77, 33.281250, 79,  1.219588, 83,         2,110,         1, 86, -0.011559, 60, 30.256748
5AC,2023/05/24 12:02:00, 50,  0.162902, 51,313.373596, 53,  0.163875, 54,311.955933, 71,  1.058090, 73,748.332890, 77, 33.468750, 79,  1.223840, 83,         2,110,         1, 86,  0.201711, 60, 30.256748
55C,2023/05/24 12:03:00, 50,  0.161173, 51,316.913818, 53,  0.161878, 54,314.326477, 71,  1.057419, 73,748.349248, 77, 33.406250, 79,  1.247382, 83,         2,110,         1, 86,  0.219673, 60, 29.066885
55C,2023/05/24 12:04:00, 50,  0.159018, 51,313.434631, 53,  0.160308, 54,313.269531, 71,  1.057503, 73,748.305424, 77, 32.968750, 79,  1.244703, 83,         2,110,         1, 86,  0.205858, 60, 29.066885
5BC,2023/05/24 12:05:00, 50,  0.158876, 51,313.556702, 53,  0.158667, 54,313.624756, 71,  1.057755, 73,748.288090, 77, 32.625000, 79,  1.248891, 83,         2,110,         1, 86,  0.056694, 60, 26.720242
56C,2023/05/24 12:06:00, 50,  0.158645, 51,309.772278, 53,  0.158361, 54,312.132080, 71,  1.057293, 73,748.291997, 77, 32.437500, 79,  1.196444, 83,         2,110,         1, 86,  0.108661, 60, 26.720242
5DC,2023/05/24 12:07:00, 50,  0.157925, 51,314.655396, 53,  0.157791, 54,310.235718, 71,  1.057251, 73,748.246953, 77, 32.312500, 79,  1.227152, 83,         2,110,         1, 86,  0.465297, 60, 24.272100
5DC,2023/05/24 12:08:00, 50,  0.157174, 51,313.861877, 53,  0.157227, 54,313.745667, 71,  1.057461, 73,748.348027, 77, 32.687500, 79,  1.214358, 83,         2,110,         1, 86,  0.053005, 60, 24.272100
5BC,2023/05/24 12:09:00, 50,  0.157787, 51,318.561829, 53,  0.157650, 54,313.414612, 71,  1.057461, 73,748.332036, 77, 32.968750, 79,  1.229676, 83,         2,110,         1, 86,  0.164619, 60, 21.029602
51C,2023/05/24 12:10:00, 50,  0.157347, 51,314.777466, 53,  0.157513, 54,317.083313, 71,  1.057755, 73,748.357548, 77, 33.156250, 79,  1.231538, 83,         2,110,         1, 86,  0.139868, 60, 21.029602
5DC,2023/05/24 12:11:00, 50,  0.155609, 51,316.974854, 53,  0.156537, 54,314.937805, 71,  1.058216, 73,748.327031, 77, 33.000000, 79,  1.216871, 83,         2,110,         1, 86,  0.380518, 60, 17.081400
55C,2023/05/24 12:12:00, 50,  0.155394, 51,313.617737, 53,  0.155084, 54,317.820862, 71,  1.056496, 73,748.377690, 77, 32.937500, 79,  1.243931, 83,         2,110,         1, 86,  0.111053, 60, 17.081400
52C,2023/05/24 12:13:00, 50,  0.152969, 51,313.861877, 53,  0.154269, 54,313.460266, 71,  1.058258, 73,748.332158, 77, 32.593750, 79,  1.191302, 83,         2,110,         1, 86,  0.070501, 60, 12.915324
55C,2023/05/24 12:14:00, 50,  0.150894, 51,311.298218, 53,  0.151973, 54,310.951843, 71,  1.057587, 73,748.344975, 77, 32.656250, 79,  1.254339, 83,         2,110,         1, 86, -0.144363, 60, 12.915324
40C,2023/05/24 12:15:00, 50,  0.152698, 51,311.969666, 53,  0.151914, 54,311.370911, 71,  1.058006, 73,748.320317, 77, 32.343750, 79,  1.207693, 83,         2,110,         1, 86,  0.211846, 60,  9.949843
41C,2023/05/24 12:16:00, 50,  0.152575, 51,311.603394, 53,  0.152625, 54,311.616333, 71,  1.057503, 73,748.323247, 77, 32.250000, 79,  1.229077, 83,         2,110,         1, 86, -0.005188, 60,  9.949843
41C,2023/05/24 12:17:00, 50,  0.154200, 51,309.406067, 53,  0.153678, 54,310.622253, 71,  1.056203, 73,748.345097, 77, 32.593750, 79,  1.204590, 83,         2,110,         1, 86, -0.030161, 60,  7.828739
40C,2023/05/24 12:18:00, 50,  0.156682, 51,309.833313, 53,  0.156164, 54,309.403625, 71,  1.056077, 73,748.272954, 77, 32.281250, 79,  1.228982, 83,         2,110,         1, 86,  0.088652, 60,  7.828739
4BC,2023/05/24 12:19:00, 50,  0.157092, 51,313.556702, 53,  0.156457, 54,311.171692, 71,  1.057377, 73,748.318120, 77, 32.562500, 79,  1.228344, 83,         2,110,         1, 86,  0.285297, 60,  6.811063
4AC,2023/05/24 12:20:00, 50,  0.155645, 51,314.838501, 53,  0.156763, 54,312.692383, 71,  1.057839, 73,748.334721, 77, 32.781250, 79,  1.198949, 83,         2,110,         1, 86,  0.009086, 60,  6.811063
4DC,2023/05/24 12:21:00, 50,  0.154032, 51,312.396912, 53,  0.155304, 54,313.816895, 71,  1.057797, 73,748.306035, 77, 32.906250, 79,  1.212919, 83,         2,110,         1, 86, -0.047934, 60,  6.555629
42C,2023/05/24 12:22:00, 50,  0.153225, 51,310.626831, 53,  0.153382, 54,310.946777, 71,  1.057797, 73,748.310429, 77, 32.937500, 79,  1.218932, 83,         2,110,         1, 86,  0.010715, 60,  6.555629
41C,2023/05/24 12:23:00, 50,  0.151953, 51,306.903442, 53,  0.152398, 54,308.239746, 71,  1.057293, 73,748.325444, 77, 32.906250, 79,  1.199369, 83,         2,110,         1, 86,  0.085031, 60,  6.811671
49C,2023/05/24 12:24:00, 50,  0.151225, 51,307.269714, 53,  0.151771, 54,306.757690, 71,  1.056287, 73,748.308354, 77, 32.500000, 79,  1.231077, 83,         2,110,         1, 86, -0.031979, 60,  6.811671
49C,2023/05/24 12:25:00, 50,  0.149529, 51,310.870972, 53,  0.150185, 54,308.508362, 71,  1.057797, 73,748.320439, 77, 32.343750, 79,  1.217687, 83,         2,110,         1, 86,  0.186219, 60,  7.301132
4FC,2023/05/24 12:26:00, 50,  0.150545, 51,312.335876, 53,  0.150232, 54,311.283508, 71,  1.057293, 73,748.366460, 77, 32.375000, 79,  1.205663, 83,         2,110,         1, 86,  0.087769, 60,  7.301132
49C,2023/05/24 12:27:00, 50,  0.149570, 51,313.617737, 53,  0.149839, 54,313.832703, 71,  1.057293, 73,748.308964, 77, 32.125000, 79,  1.237797, 83,         2,110,         1, 86,  0.346601, 60,  7.704585
49C,2023/05/24 12:28:00, 50,  0.152137, 51,313.861877, 53,  0.150815, 54,313.807739, 71,  1.056916, 73,748.283696, 77, 31.656250, 79,  1.228127, 83,         2,110,         1, 86,  0.291462, 60,  7.704585
4CC,2023/05/24 12:29:00, 50,  0.155594, 51,307.269714, 53,  0.154240, 54,312.092468, 71,  1.057419, 73,748.266850, 77, 31.406250, 79,  1.246161, 83,         2,110,         1, 86,  0.335594, 60,  7.533016
4EC,2023/05/24 12:30:00, 50,  0.160144, 51,312.946289, 53,  0.157748, 54,311.233765, 71,  1.057419, 73,748.235722, 77, 31.218750, 79,  1.231043, 83,         2,110,         1, 86,  0.217765, 60,  7.533016
41C,2023/05/24 12:31:00, 50,  0.166399, 51,312.519043, 53,  0.162989, 54,313.889526, 71,  1.057167, 73,748.260258, 77, 31.406250, 79,  1.234435, 83,         2,110,         1, 86,  0.186660, 60,  7.338185
40C,2023/05/24 12:32:00, 50,  0.171410, 51,310.687866, 53,  0.168725, 54,311.159485, 71,  1.057125, 73,748.208501, 77, 31.375000, 79,  1.240662, 83,         2,110,         1, 86,  0.255853, 60,  7.338185
49C,2023/05/24 12:33:00, 50,  0.176060, 51,307.696960, 53,  0.173833, 54,308.049622, 71,  1.055951, 73,748.220952, 77, 31.062500, 79,  1.224423, 83,         2,110,         1, 86,  0.297728, 60,  7.665239
44C,2023/05/24 12:34:00, 50,  0.182614, 51,308.368347, 53,  0.179643, 54,309.280396, 71,  1.057671, 73,748.231938, 77, 31.312500, 79,  1.216825, 83,         2,110,         1, 86,  0.264741, 60,  7.665239
4EC,2023/05/24 12:35:00, 50,  0.184907, 51,306.842407, 53,  0.183073, 54,305.716003, 71,  1.057713, 73,748.262089, 77, 31.843750, 79,  1.218851, 83,         2,110,         1, 86,  0.160768, 60,  8.947341
40C,2023/05/24 12:36:00, 50,  0.189086, 51,309.528137, 53,  0.186897, 54,309.672119, 71,  1.057042, 73,748.213017, 77, 32.187500, 79,  1.232687, 83,         2,110,         1, 86,  0.304786, 60,  8.947341
51C,2023/05/24 12:37:00, 50,  0.189475, 51,313.678772, 53,  0.189239, 54,310.898010, 71,  1.057167, 73,748.257695, 77, 32.468750, 79,  1.198547, 83,         2,110,         1, 86,  0.118679, 60, 10.522121
53C,2023/05/24 12:38:00, 50,  0.184453, 51,310.870972, 53,  0.188069, 54,312.806335, 71,  1.056832, 73,748.197026, 77, 32.812500, 79,  1.225592, 83,         2,110,         1, 86,  0.129330, 60, 10.522121
59C,2023/05/24 12:39:00, 50,  0.179659, 51,310.321655, 53,  0.182131, 54,309.941711, 71,  1.057880, 73,748.240239, 77, 33.000000, 79,  1.229229, 83,         2,110,         1, 86,  0.025126, 60, 11.040748
58C,2023/05/24 12:40:00, 50,  0.171133, 51,308.795654, 53,  0.174287, 54,308.523682, 71,  1.056916, 73,748.228398, 77, 33.031250, 79,  1.234747, 83,         2,110,         1, 86,  0.304671, 60, 11.040748
5FC,2023/05/24 12:41:00, 50,  0.166341, 51,306.415161, 53,  0.170310, 54,307.955994, 71,  1.057587, 73,748.283696, 77, 33.562500, 79,  1.203205, 83,         2,110,         1, 86, -0.050054, 60, 11.042941
56C,2023/05/24 12:42:00, 50,  0.156179, 51,310.809937, 53,  0.158953, 54,308.284180, 71,  1.057419, 73,748.265874, 77, 33.562500, 79,  1.249279, 83,         2,110,         1, 86, -0.093833, 60, 11.042941
5CC,2023/05/24 12:43:00, 50,  0.149732, 51,314.899536, 53,  0.153825, 54,313.214600, 71,  1.057797, 73,748.301640, 77, 33.750000, 79,  1.199293, 83,         2,110,         1, 86, -0.055670, 60, 11.285068
55C,2023/05/24 12:44:00, 50,  0.128915, 51,311.237183, 53,  0.138737, 54,312.377258, 71,  1.056790, 73,748.206181, 77, 33.406250, 79,  1.245280, 83,         2,110,         1, 86, -0.093118, 60, 11.285068
5CC,2023/05/24 12:45:00, 50,  0.125214, 51,313.190430, 53,  0.124859, 54,312.513489, 71,  1.057125, 73,748.276372, 77, 33.062500, 79,  1.237302, 83,         2,110,         1, 86, -0.024477, 60, 13.348941
5DC,2023/05/24 12:46:00, 50,  0.115916, 51,310.504761, 53,  0.121402, 54,311.232727, 71,  1.057419, 73,748.247441, 77, 32.687500, 79,  1.247595, 83,         2,110,         1, 86, -0.091554, 60, 13.348941
