4EC,2023/05/24 10:17:00, 53,-9999.0000, 54,-9999.0000, 55,-9999.0000, 50,  0.000000, 51,  0.000000, 52,  0.000000, 71,  0.548100, 77, 26.437500, 83,     34819,110,        29,116,         1,164,         1
48C,2023/05/24 10:18:00, 53,-9999.0000, 54,-9999.0000, 55,-9999.0000, 50,  0.000000, 51,  0.000000, 52,  0.000000, 71,  0.624366, 77, 27.343750, 83,     34819,110,        29,116,         1,164,         1
4AC,2023/05/24 10:19:00, 53,-9999.0000, 54,-9999.0000, 55,-9999.0000, 50,  0.000000, 51,  0.000000, 52,  0.000000, 71,  0.625003, 77, 28.187500, 83,     34819,110,        29,116,         1,164,         1
47C,2023/05/24 10:20:00, 53,-9999.0000, 54,-9999.0000, 55,-9999.0000, 50,  0.000000, 51,  0.000000, 52,  0.000000, 71,  0.625371, 77, 28.875000, 83,     34819,110,        29,116,         1,164,         1
49C,2023/05/24 10:21:00, 53,-9999.0000, 54,-9999.0000, 55,-9999.0000, 50,  0.000000, 51,  0.000000, 52,  0.000000, 71,  0.625567, 77, 29.500000, 83,     34819,110,        29,116,         1,164,         1
49C,2023/05/24 10:22:00, 53,-9999.0000, 54,-9999.0000, 55,-9999.0000, 50,  0.000000, 51,  0.000000, 52,  0.000000, 71,  0.625714, 77, 30.093750, 83,     34819,110,        29,116,         1,164,         1
48C,2023/05/24 10:23:00, 53,-9999.0000, 54,-9999.0000, 55,-9999.0000, 50,  0.000000, 51,  0.000000, 52,  0.000000, 71,  0.625910, 77, 30.656250, 83,     34819,110,        29,116,         1,164,         1
4DC,2023/05/24 10:24:00, 53,-9999.0000, 54,-9999.0000, 55,-9999.0000, 50,  0.000000, 51,  0.000000, 52,  0.000000, 71,  0.625983, 77, 31.187500, 83,     34819,110,        29,116,         1,164,         1
4EC,2023/05/24 10:25:00, 53,-9999.0000, 54,-9999.0000, 55,-9999.0000, 50,  0.000000, 51,  0.000000, 52,  0.000000, 71,  0.626155, 77, 31.781250, 83,     34819,110,        29,116,         1,164,         1
48C,2023/05/24 10:26:00, 53,-9999.0000, 54,-9999.0000, 55,-9999.0000, 50,  0.000000, 51,  0.000000, 52,  0.000000, 71,  0.625910, 77, 32.312500, 83,     34819,110,        29,116,         1,164,         1
4BC,2023/05/24 10:27:00, 53,-9999.0000, 54,-9999.0000, 55,-9999.0000, 50,  0.000000, 51,  0.000000, 52,  0.000000, 71,  0.626081, 77, 32.437500, 83,     34819,110,        29,116,         1,164,         1
41C,2023/05/24 10:28:00, 53,-9999.0000, 54,-9999.0000, 55,-9999.0000, 50,  0.000000, 51,  0.000000, 52,  0.000000, 71,  0.626155, 77, 32.937500, 83,     34819,110,        29,116,         1,164,         1
4AC,2023/05/24 10:29:00, 53,-9999.0000, 54,-9999.0000, 55,-9999.0000, 50,  0.000000, 51,  0.000000, 52,  0.000000, 71,  0.626106, 77, 33.406250, 83,     34819,110,        29,116,         1,164,         1
47C,2023/05/24 10:30:00, 53,-9999.0000, 54,-9999.0000, 55,-9999.0000, 50,  0.000000, 51,  0.000000, 52,  0.000000, 71,  0.626081, 77, 33.812500, 83,     34819,110,        29,116,         1,164,         1
44C,2023/05/24 10:31:00, 53,-9999.0000, 54,-9999.0000, 55,-9999.0000, 50,  0.000000, 51,  0.000000, 52,  0.000000, 71,  0.626008, 77, 33.843750, 83,     34819,110,        29,116,         1,164,         1
4CC,2023/05/24 10:32:00, 53,-9999.0000, 54,-9999.0000, 55,-9999.0000, 50,  0.000000, 51,  0.000000, 52,  0.000000, 71,  0.626204, 77, 33.937500, 83,     34819,110,        29,116,         1,164,         1
43C,2023/05/24 10:33:00, 53,-9999.0000, 54,-9999.0000, 55,-9999.0000, 50,  0.000000, 51,  0.000000, 52,  0.000000, 71,  0.626130, 77, 34.156250, 83,     34819,110,        29,116,         1,164,         1
4DC,2023/05/24 10:34:00, 53,-9999.0000, 54,-9999.0000, 55,-9999.0000, 50,  0.000000, 51,  0.000000, 52,  0.000000, 71,  0.625910, 77, 34.406250, 83,     34819,110,        29,116,         1,164,         1
4BC,2023/05/24 10:35:00, 53,-9999.0000, 54,-9999.0000, 55,-9999.0000, 50,  0.000000, 51,  0.000000, 52,  0.000000, 71,  0.626032, 77, 34.468750, 83,     34819,110,        29,116,         1,164,         1
41C,2023/05/24 10:36:00, 53,-9999.0000, 54,-9999.0000, 55,-9999.0000, 50,  0.000000, 51,  0.000000, 52,  0.000000, 71,  0.626302, 77, 34.625000, 83,     34819,110,        29,116,         1,164,         1
48C,2023/05/24 10:37:00, 53,-9999.0000, 54,-9999.0000, 55,-9999.0000, 50,  0.000000, 51,  0.000000, 52,  0.000000, 71,  0.626179, 77, 35.125000, 83,     34819,110,        29,116,         1,164,         1
4FC,2023/05/24 10:38:00, 53,-9999.0000, 54,-9999.0000, 55,-9999.0000, 50,  0.000000, 51,  0.000000, 52,  0.000000, 71,  0.626400, 77, 35.312500, 83,     34819,110,        29,116,         1,164,         1
49C,2023/05/24 10:39:00, 53,-9999.0000, 54,-9999.0000, 55,-9999.0000, 50,  0.000000, 51,  0.000000, 52,  0.000000, 71,  0.626351, 77, 35.375000, 83,     34819,110,        29,116,         1,164,         1
4BC,2023/05/24 10:40:00, 53,-9999.0000, 54,-9999.0000, 55,-9999.0000, 50,  0.000000, 51,  0.000000, 52,  0.000000, 71,  0.626106, 77, 35.593750, 83,     34819,110,        29,116,         1,164,         1
4DC,2023/05/24 10:41:00, 53,-9999.0000, 54,-9999.0000, 55,-9999.0000, 50,  0.000000, 51,  0.000000, 52,  0.000000, 71,  0.626253, 77, 35.781250, 83,     34819,110,        29,116,         1,164,         1
49C,2023/05/24 10:42:00, 53,-9999.0000, 54,-9999.0000, 55,-9999.0000, 50,  0.000000, 51,  0.000000, 52,  0.000000, 71,  0.626130, 77, 35.906250, 83,     34819,110,        29,116,         1,164,         1
41C,2023/05/24 10:43:00, 53,-9999.0000, 54,-9999.0000, 55,-9999.0000, 50,  0.000000, 51,  0.000000, 52,  0.000000, 71,  0.626302, 77, 36.062500, 83,     34819,110,        29,116,         1,164,         1
4CC,2023/05/24 10:44:00, 53,-9999.0000, 54,-9999.0000, 55,-9999.0000, 50,  0.000000, 51,  0.000000, 52,  0.000000, 71,  0.626032, 77, 35.937500, 83,     34819,110,        29,116,         1,164,         1
46C,2023/05/24 10:45:00, 53,-9999.0000, 54,-9999.0000, 55,-9999.0000, 50,  0.000000, 51,  0.000000, 52,  0.000000, 71,  0.626106, 77, 35.968750, 83,     34819,110,        29,116,         1,164,         1
4AC,2023/05/24 10:46:00, 53,-9999.0000, 54,-9999.0000, 55,-9999.0000, 50,  0.000000, 51,  0.000000, 52,  0.000000, 71,  0.626106, 77, 35.875000, 83,     34819,110,        29,116,         1,164,         1
47C,2023/05/24 10:47:00, 53,-9999.0000, 54,-9999.0000, 55,-9999.0000, 50,  0.000000, 51,  0.000000, 52,  0.000000, 71,  0.626081, 77, 35.468750, 83,     34819,110,        29,116,         1,164,         1
4AC,2023/05/24 10:48:00, 53,-9999.0000, 54,-9999.0000, 55,-9999.0000, 50,  0.000000, 51,  0.000000, 52,  0.000000, 71,  0.626253, 77, 35.250000, 83,     34819,110,        29,116,         1,164,         1
48C,2023/05/24 10:49:00, 53,-9999.0000, 54,-9999.0000, 55,-9999.0000, 50,  0.000000, 51,  0.000000, 52,  0.000000, 71,  0.626375, 77, 35.062500, 83,     34819,110,        29,116,         1,164,         1
57C,2023/05/24 10:50:00, 53,-9999.0000, 54,-9999.0000, 55,-9999.0000, 50, -0.700000, 51, -1.200000, 52, -0.500000, 71,  0.626130, 77, 35.062500, 83,         2,110,         6,116,         1,164,         1
44C,2023/05/24 10:51:00, 53, -0.856365, 54, 11.669401, 55, 12.525766, 50, -1.226043, 51, 32.796993, 52, 34.023029, 71,  0.625934, 77, 35.281250, 83,         2,110,         1,116,         1,164,         1
44C,2023/05/24 10:52:00, 53, -1.879194, 54, 39.234581, 55, 41.113773, 50, -1.676176, 51, 42.319759, 52, 43.995930, 71,  0.623190, 77, 35.593750, 83,         2,110,         0,116,         1,164,         1
47C,2023/05/24 10:53:00, 53, -1.768611, 54, 42.719284, 55, 44.487892, 50, -1.677032, 51, 43.479321, 52, 45.156357, 71,  0.623141, 77, 35.843750, 83,         2,110,         3,116,         1,164,         1
4EC,2023/05/24 10:54:00, 53, -1.416150, 54, 43.894089, 55, 45.310238, 50, -1.328262, 51, 44.688877, 52, 46.017139, 71,  0.626326, 77, 36.281250, 83,         2,110,         1,116,         1,164,         1
48C,2023/05/24 10:55:00, 53, -1.221404, 54, 45.185211, 55, 46.406612, 50, -1.010522, 51, 45.238724, 52, 46.249245, 71,  0.625959, 77, 36.500000, 83,         2,110,         6,116,         1,164,         1
4FC,2023/05/24 10:56:00, 53, -0.737606, 54, 44.715866, 55, 45.453472, 50, -0.789410, 51, 44.545513, 52, 45.334927, 71,  0.624489, 77, 36.843750, 83,         2,110,         0,116,         1,164,         1
48C,2023/05/24 10:57:00, 53, -0.723341, 54, 44.258484, 55, 44.981823, 50, -0.670292, 51, 43.912483, 52, 44.582775, 71,  0.623068, 77, 36.781250, 83,         2,110,         3,116,         1,164,         1
4EC,2023/05/24 10:58:00, 53, -0.594145, 54, 43.240013, 55, 43.834156, 50, -0.567711, 51, 42.475384, 52, 43.043091, 71,  0.625861, 77, 36.843750, 83,         2,110,         2,116,         1,164,         1
4AC,2023/05/24 10:59:00, 53, -0.607789, 54, 41.515678, 55, 42.123466, 50, -0.507098, 51, 40.226570, 52, 40.733662, 71,  0.626375, 77, 36.781250, 83,         2,110,         1,116,         1,164,         1
4FC,2023/05/24 11:00:00, 53, -0.412646, 54, 39.713928, 55, 40.126572, 50, -0.323401, 51, 39.102394, 52, 39.425797, 71,  0.626057, 77, 36.625000, 83,         2,110,         6,116,         1,164,         1
46C,2023/05/24 11:01:00, 53, -0.241681, 54, 38.296364, 55, 38.538044, 50, -0.181515, 51, 37.411396, 52, 37.592915, 71,  0.622921, 77, 36.500000, 83,         2,110,         0,116,         1,164,         1
42C,2023/05/24 11:02:00, 53, -0.115116, 54, 35.886230, 55, 36.001343, 50, -0.062046, 51, 34.543968, 52, 34.606007, 71,  0.622872, 77, 36.468750, 83,         2,110,         3,116,         1,164,         1
4CC,2023/05/24 11:03:00, 53, -0.017468, 54, 32.831593, 55, 32.849060, 50,  0.037266, 51, 31.222485, 52, 31.185221, 71,  0.625787, 77, 36.312500, 83,         2,110,         2,116,         1,164,         1
46C,2023/05/24 11:04:00, 53,  0.096448, 54, 30.690334, 55, 30.593887, 50,  0.193383, 51, 29.967571, 52, 29.774191, 71,  0.626179, 77, 36.218750, 83,         2,110,         1,116,         1,164,         1
40C,2023/05/24 11:05:00, 53,  0.195748, 54, 28.622196, 55, 28.426449, 50,  0.166373, 51, 26.726326, 52, 26.559952, 71,  0.624268, 77, 36.187500, 83,         2,110,         6,116,         1,164,         1
45C,2023/05/24 11:06:00, 53,  0.132561, 54, 25.564445, 55, 25.431885, 50,  0.127928, 51, 24.849873, 52, 24.721945, 71,  0.622799, 77, 36.125000, 83,         2,110,         3,116,         1,164,         1
4EC,2023/05/24 11:07:00, 53,  0.162377, 54, 23.913071, 55, 23.750694, 50,  0.221202, 51, 22.974672, 52, 22.753469, 71,  0.624587, 77, 36.250000, 83,         2,110,         2,116,         1,164,         1
4CC,2023/05/24 11:08:00, 53,  0.353092, 54, 21.918324, 55, 21.565233, 50,  0.457477, 51, 20.691505, 52, 20.234028, 71,  0.626228, 77, 36.437500, 83,         2,110,         1,116,         1,164,         1
46C,2023/05/24 11:09:00, 53,  0.461723, 54, 19.755465, 55, 19.293741, 50,  0.447817, 51, 18.737684, 52, 18.289871, 71,  0.626253, 77, 36.593750, 83,         2,110,         0,116,         1,164,         1
41C,2023/05/24 11:10:00, 53,  0.456576, 54, 18.633438, 55, 18.176863, 50,  0.500592, 51, 18.579628, 52, 18.079039, 71,  0.622700, 77, 36.812500, 83,         2,110,         6,116,         1,164,         1
48C,2023/05/24 11:11:00, 53,  0.518958, 54, 18.154369, 55, 17.635412, 50,  0.496829, 51, 17.717674, 52, 17.220842, 71,  0.622480, 77, 37.093750, 83,         2,110,         3,116,         1,164,         1
4EC,2023/05/24 11:12:00, 53,  0.496515, 54, 17.045288, 55, 16.548775, 50,  0.518622, 51, 16.608498, 52, 16.089878, 71,  0.626179, 77, 37.125000, 83,         2,110,         2,116,         1,164,         1
48C,2023/05/24 11:13:00, 53,  0.557137, 54, 15.999275, 55, 15.442139, 50,  0.596319, 51, 15.388077, 52, 14.791759, 71,  0.625739, 77, 37.156250, 83,         2,110,         1,116,         1,164,         1
43C,2023/05/24 11:14:00, 53,  0.637250, 54, 14.961908, 55, 14.324658, 50,  0.648532, 51, 14.654347, 52, 14.005816, 71,  0.626155, 77, 37.312500, 83,         2,110,         0,116,         1,164,         1
49C,2023/05/24 11:15:00, 53,  0.662687, 54, 14.403078, 55, 13.740392, 50,  0.711986, 51, 14.232955, 52, 13.520970, 71,  0.622504, 77, 37.437500, 83,         2,110,         3,116,         1,164,         1
47C,2023/05/24 11:16:00, 53,  0.767112, 54, 13.970518, 55, 13.203406, 50,  0.795402, 51, 13.810053, 52, 13.014651, 71,  0.624514, 77, 37.312500, 83,         2,110,         2,116,         1,164,         1
4DC,2023/05/24 11:17:00, 53,  0.820880, 54, 13.567831, 55, 12.746952, 50,  0.829629, 51, 13.288825, 52, 12.459196, 71,  0.626155, 77, 37.562500, 83,         2,110,         1,116,         1,164,         1
4EC,2023/05/24 11:18:00, 53,  0.816443, 54, 12.914906, 55, 12.098462, 50,  0.805120, 51, 12.488811, 52, 11.683691, 71,  0.624097, 77, 37.750000, 83,         2,110,         0,116,         1,164,         1
42C,2023/05/24 11:19:00, 53,  0.782458, 54, 12.203060, 55, 11.420603, 50,  0.749822, 51, 11.818214, 52, 11.068392, 71,  0.626253, 77, 38.156250, 83,         2,110,         0,116,         1,164,         1
48C,2023/05/24 11:20:00, 53,  0.718796, 54, 11.488989, 55, 10.770193, 50,  0.692003, 51, 11.180898, 52, 10.488895, 71,  0.622235, 77, 38.281250, 83,         2,110,         3,116,         1,164,         1
55C,2023/05/24 11:21:00, 53,  0.644741, 54, 10.747986, 55, 10.103246, 50,  0.641732, 51, 10.562459, 52,  9.920727, 71,  0.626032, 77, 38.250000, 83,         2,110,         2,116,         1,164,         1
5DC,2023/05/24 11:22:00, 53,  0.637087, 54, 10.253689, 55,  9.616602, 50,  0.632818, 51,  9.916214, 52,  9.283397, 71,  0.625689, 77, 37.968750, 83,         2,110,         1,116,         1,164,         1
42C,2023/05/24 11:23:00, 53,  0.636841, 54,  9.622893, 55,  8.986053, 50,  0.633985, 51,  9.571639, 52,  8.937654, 71,  0.622259, 77, 37.531250, 83,         2,110,         0,116,         1,164,         1
42C,2023/05/24 11:24:00, 53,  0.647593, 54,  9.245475, 55,  8.597882, 50,  0.658894, 51,  8.953949, 52,  8.295055, 71,  0.626204, 77, 37.187500, 83,         2,110,         0,116,         1,164,         1
4DC,2023/05/24 11:25:00, 53,  0.662999, 54,  8.756880, 55,  8.093882, 50,  0.641992, 51,  8.557129, 52,  7.915139, 71,  0.622921, 77, 37.000000, 83,         2,110,         3,116,         1,164,         1
47C,2023/05/24 11:26:00, 53,  0.607580, 54,  8.440300, 55,  7.832721, 50,  0.602034, 51,  8.378574, 52,  7.776540, 71,  0.626106, 77, 36.843750, 83,         2,110,         1,116,         1,164,         1
46C,2023/05/24 11:27:00, 53,  0.606027, 54,  8.318865, 55,  7.712838, 50,  0.614039, 51,  8.301688, 52,  7.687650, 71,  0.624048, 77, 36.843750, 83,         2,110,         0,116,         1,164,         1
4FC,2023/05/24 11:28:00, 53,  0.642431, 54,  8.285810, 55,  7.643380, 50,  0.651436, 51,  8.274116, 52,  7.622681, 71,  0.622431, 77, 37.125000, 83,         2,110,         3,116,         1,164,         1
4DC,2023/05/24 11:29:00, 53,  0.679695, 54,  8.223667, 55,  7.543973, 50,  0.658644, 51,  8.087069, 52,  7.428425, 71,  0.625959, 77, 37.187500, 83,         2,110,         7,116,         1,164,         1
4AC,2023/05/24 11:30:00, 53,  0.628396, 54,  8.018691, 55,  7.390295, 50,  0.629997, 51,  7.969733, 52,  7.339738, 71,  0.626106, 77, 37.187500, 83,         2,110,         2,116,         1,164,         1
45C,2023/05/24 11:31:00, 53,  0.631642, 54,  7.827627, 55,  7.195985, 50,  0.610034, 51,  7.746163, 52,  7.136129, 71,  0.625371, 77, 37.218750, 83,         2,110,         1,116,         1,164,         1
41C,2023/05/24 11:32:00, 53,  0.576602, 54,  7.666665, 55,  7.090064, 50,  0.558105, 51,  7.576344, 52,  7.018239, 71,  0.622162, 77, 37.125000, 83,         2,110,         0,116,         1,164,         1
4FC,2023/05/24 11:33:00, 53,  0.530710, 54,  7.431870, 55,  6.901161, 50,  0.496464, 51,  7.253047, 52,  6.756583, 71,  0.622651, 77, 37.093750, 83,         2,110,         3,116,         1,164,         1
4BC,2023/05/24 11:34:00, 53,  0.469880, 54,  7.030496, 55,  6.560616, 50,  0.432674, 51,  6.800602, 52,  6.367928, 71,  0.626106, 77, 36.968750, 83,         2,110,         7,116,         1,164,         1
49C,2023/05/24 11:35:00, 53,  0.427261, 54,  6.677410, 55,  6.250149, 50,  0.421513, 51,  6.590088, 52,  6.168576, 71,  0.626106, 77, 36.968750, 83,         2,110,         2,116,         1,164,         1
40C,2023/05/24 11:36:00, 53,  0.414989, 54,  6.534235, 55,  6.119246, 50,  0.416331, 51,  6.505585, 52,  6.089254, 71,  0.624195, 77, 37.062500, 83,         2,110,         0,116,         1,164,         1
48C,2023/05/24 11:37:00, 53,  0.417541, 54,  6.441856, 55,  6.024316, 50,  0.442535, 51,  6.406642, 52,  5.964107, 71,  0.622480, 77, 37.031250, 83,         2,110,         3,116,         1,164,         1
4FC,2023/05/24 11:38:00, 53,  0.445015, 54,  6.325827, 55,  5.880812, 50,  0.454481, 51,  6.255703, 52,  5.801221, 71,  0.623974, 77, 36.937500, 83,         2,110,         2,116,         1,164,         1
40C,2023/05/24 11:39:00, 53,  0.435670, 54,  6.212144, 55,  5.776474, 50,  0.393134, 51,  6.160863, 52,  5.767730, 71,  0.626277, 77, 36.812500, 83,         2,110,         7,116,         1,164,         1
4CC,2023/05/24 11:40:00, 53,  0.358020, 54,  6.125653, 55,  5.767633, 50,  0.350420, 51,  6.097393, 52,  5.746974, 71,  0.626130, 77, 36.843750, 83,         2,110,         1,116,         1,164,         1
43C,2023/05/24 11:41:00, 53,  0.352735, 54,  5.985193, 55,  5.632458, 50,  0.373252, 51,  5.861550, 52,  5.488297, 71,  0.622578, 77, 36.843750, 83,         2,110,         0,116,         1,164,         1
46C,2023/05/24 11:42:00, 53,  0.409398, 54,  5.808567, 55,  5.399169, 50,  0.445169, 51,  5.773412, 52,  5.328243, 71,  0.622529, 77, 36.937500, 83,         2,110,         3,116,         1,164,         1
4FC,2023/05/24 11:43:00, 53,  0.448897, 54,  5.781004, 55,  5.332107, 50,  0.483419, 51,  5.751979, 52,  5.268560, 71,  0.626277, 77, 37.312500, 83,         2,110,         2,116,         1,164,         1
43C,2023/05/24 11:44:00, 53,  0.493379, 54,  5.732221, 55,  5.238842, 50,  0.481097, 51,  5.692820, 52,  5.211724, 71,  0.626032, 77, 37.500000, 83,         2,110,         6,116,         1,164,         1
4AC,2023/05/24 11:45:00, 53,  0.481362, 54,  5.647462, 55,  5.166100, 50,  0.477797, 51,  5.624856, 52,  5.147058, 71,  0.625763, 77, 37.468750, 83,         2,110,         1,116,         1,164,         1
4FC,2023/05/24 11:46:00, 53,  0.483175, 54,  5.593637, 55,  5.110461, 50,  0.482203, 51,  5.552538, 52,  5.070336, 71,  0.622284, 77, 37.656250, 83,         2,110,         0,116,         1,164,         1
41C,2023/05/24 11:47:00, 53,  0.516254, 54,  5.497887, 55,  4.981633, 50,  0.563636, 51,  5.432021, 52,  4.868385, 71,  0.624415, 77, 37.531250, 83,         2,110,         2,116,         1,164,         1
45C,2023/05/24 11:48:00, 53,  0.572224, 54,  5.428493, 55,  4.856269, 50,  0.562981, 51,  5.385372, 52,  4.822390, 71,  0.626032, 77, 37.500000, 83,         2,110,         1,116,         1,164,         1
45C,2023/05/24 11:49:00, 53,  0.543990, 54,  5.344238, 55,  4.800249, 50,  0.514777, 51,  5.318388, 52,  4.803611, 71,  0.625567, 77, 37.531250, 83,         2,110,         6,116,         1,164,         1
47C,2023/05/24 11:50:00, 53,  0.499883, 54,  5.283344, 55,  4.783461, 50,  0.482736, 51,  5.258205, 52,  4.775469, 71,  0.622113, 77, 37.468750, 83,         2,110,         0,116,         1,164,         1
42C,2023/05/24 11:51:00, 53,  0.456833, 54,  5.176661, 55,  4.719829, 50,  0.435803, 51,  5.116795, 52,  4.680993, 71,  0.622578, 77, 37.312500, 83,         2,110,         3,116,         1,164,         1
4FC,2023/05/24 11:52:00, 53,  0.437224, 54,  5.053996, 55,  4.616772, 50,  0.454466, 51,  5.004539, 52,  4.550073, 71,  0.626326, 77, 37.062500, 83,         2,110,         2,116,         1,164,         1
44C,2023/05/24 11:53:00, 53,  0.449569, 54,  4.988990, 55,  4.539421, 50,  0.451912, 51,  4.979605, 52,  4.527692, 71,  0.626130, 77, 37.031250, 83,         2,110,         1,116,         1,164,         1
45C,2023/05/24 11:54:00, 53,  0.437629, 54,  4.984151, 55,  4.546523, 50,  0.439343, 51,  4.978075, 52,  4.538732, 71,  0.625665, 77, 37.218750, 83,         2,110,         6,116,         1,164,         1
48C,2023/05/24 11:55:00, 53,  0.437193, 54,  4.984686, 55,  4.547493, 50,  0.445793, 51,  4.986909, 52,  4.541116, 71,  0.622431, 77, 37.468750, 83,         2,110,         0,116,         1,164,         1
44C,2023/05/24 11:56:00, 53,  0.463171, 54,  4.972374, 55,  4.509203, 50,  0.467075, 51,  4.963378, 52,  4.496304, 71,  0.622480, 77, 37.500000, 83,         2,110,         3,116,         1,164,         1
4EC,2023/05/24 11:57:00, 53,  0.439544, 54,  4.952089, 55,  4.512545, 50,  0.414438, 51,  4.950234, 52,  4.535797, 71,  0.625959, 77, 37.500000, 83,         2,110,         1,116,         1,164,         1
4EC,2023/05/24 11:58:00, 53,  0.417498, 54,  4.967726, 55,  4.550229, 50,  0.434600, 51,  4.971322, 52,  4.536721, 71,  0.625959, 77, 37.468750, 83,         2,110,         0,116,         1,164,         1
41C,2023/05/24 11:59:00, 53,  0.445502, 54,  4.960958, 55,  4.515457, 50,  0.442218, 51,  4.940065, 52,  4.497847, 71,  0.624170, 77, 37.656250, 83,         2,110,         6,116,         1,164,         1
4FC,2023/05/24 12:00:00, 53,  0.427889, 54,  4.944713, 55,  4.516824, 50,  0.425950, 51,  4.927343, 52,  4.501394, 71,  0.622406, 77, 37.781250, 83,         2,110,         3,116,         1,164,         1
43C,2023/05/24 12:01:00, 53,  0.390965, 54,  4.932864, 55,  4.541900, 50,  0.387681, 51,  4.934490, 52,  4.546809, 71,  0.626032, 77, 37.875000, 83,         2,110,         2,116,         1,164,         1
44C,2023/05/24 12:02:00, 53,  0.387965, 54,  4.952421, 55,  4.564456, 50,  0.381117, 51,  4.963079, 52,  4.581964, 71,  0.625861, 77, 38.156250, 83,         2,110,         1,116,         1,164,         1
43C,2023/05/24 12:03:00, 53,  0.394497, 54,  4.951348, 55,  4.556851, 50,  0.407130, 51,  4.927559, 52,  4.520430, 71,  0.626106, 77, 38.125000, 83,         2,110,         0,116,         1,164,         1
4AC,2023/05/24 12:04:00, 53,  0.458697, 54,  4.943950, 55,  4.485253, 50,  0.520808, 51,  4.957318, 52,  4.436512, 71,  0.622186, 77, 38.031250, 83,         2,110,         6,116,         1,164,         1
44C,2023/05/24 12:05:00, 53,  0.528790, 54,  4.957725, 55,  4.428935, 50,  0.526274, 51,  4.955395, 52,  4.429121, 71,  0.622872, 77, 37.843750, 83,         2,110,         3,116,         1,164,         1
40C,2023/05/24 12:06:00, 53,  0.556160, 54,  4.978345, 55,  4.422185, 50,  0.585451, 51,  5.003147, 52,  4.417696, 71,  0.625812, 77, 37.562500, 83,         2,110,         2,116,         1,164,         1
49C,2023/05/24 12:07:00, 53,  0.619473, 54,  5.011280, 55,  4.391808, 50,  0.648476, 51,  5.012454, 52,  4.363978, 71,  0.625787, 77, 37.562500, 83,         2,110,         1,116,         1,164,         1
44C,2023/05/24 12:08:00, 53,  0.651372, 54,  5.012461, 55,  4.361089, 50,  0.665684, 51,  5.023097, 52,  4.357412, 71,  0.625861, 77, 37.625000, 83,         2,110,         0,116,         1,164,         1
40C,2023/05/24 12:09:00, 53,  0.679321, 54,  5.017251, 55,  4.337930, 50,  0.654268, 51,  4.983746, 52,  4.329478, 71,  0.622529, 77, 37.843750, 83,         2,110,         3,116,         1,164,         1
4CC,2023/05/24 12:10:00, 53,  0.652049, 54,  4.950950, 55,  4.298901, 50,  0.669469, 51,  4.932604, 52,  4.263135, 71,  0.624268, 77, 37.906250, 83,         2,110,         2,116,         1,164,         1
4DC,2023/05/24 12:11:00, 53,  0.669958, 54,  4.896796, 55,  4.226839, 50,  0.651202, 51,  4.858536, 52,  4.207334, 71,  0.626130, 77, 37.937500, 83,         2,110,         1,116,         1,164,         1
44C,2023/05/24 12:12:00, 53,  0.638475, 54,  4.786538, 55,  4.148063, 50,  0.635018, 51,  4.721112, 52,  4.086096, 71,  0.622504, 77, 37.812500, 83,         2,110,         0,116,         1,164,         1
40C,2023/05/24 12:13:00, 53,  0.631886, 54,  4.694456, 55,  4.062570, 50,  0.655506, 51,  4.641360, 52,  3.985855, 71,  0.626008, 77, 37.718750, 83,         2,110,         0,116,         1,164,         1
41C,2023/05/24 12:14:00, 53,  0.670425, 54,  4.611873, 55,  3.941448, 50,  0.678827, 51,  4.631930, 52,  3.953104, 71,  0.622603, 77, 37.687500, 83,         2,110,         3,116,         1,164,         1
45C,2023/05/24 12:15:00, 53,  0.693527, 54,  4.647757, 55,  3.954229, 50,  0.679544, 51,  4.646787, 52,  3.967244, 71,  0.625739, 77, 37.593750, 83,         2,110,         2,116,         1,164,         1
42C,2023/05/24 12:16:00, 53,  0.651101, 54,  4.667240, 55,  4.016139, 50,  0.633243, 51,  4.665479, 52,  4.032235, 71,  0.626032, 77, 37.500000, 83,         2,110,         1,116,         1,164,         1
41C,2023/05/24 12:17:00, 53,  0.618712, 54,  4.641089, 55,  4.022377, 50,  0.564281, 51,  4.622785, 52,  4.058504, 71,  0.622333, 77, 37.531250, 83,         2,110,         0,116,         1,164,         1
41C,2023/05/24 12:18:00, 53,  0.534863, 54,  4.571778, 55,  4.036915, 50,  0.507720, 51,  4.528074, 52,  4.020354, 71,  0.626081, 77, 37.531250, 83,         2,110,         0,116,         1,164,         1
4DC,2023/05/24 12:19:00, 53,  0.491800, 54,  4.505723, 55,  4.013923, 50,  0.515380, 51,  4.494358, 52,  3.978978, 71,  0.624048, 77, 37.593750, 83,         2,110,         2,116,         1,164,         1
4FC,2023/05/24 12:20:00, 53,  0.534629, 54,  4.483326, 55,  3.948697, 50,  0.520683, 51,  4.472803, 52,  3.952120, 71,  0.626032, 77, 37.718750, 83,         2,110,         1,116,         1,164,         1
48C,2023/05/24 12:21:00, 53,  0.497611, 54,  4.456344, 55,  3.958733, 50,  0.467338, 51,  4.415382, 52,  3.948044, 71,  0.624195, 77, 37.937500, 83,         2,110,         0,116,         1,164,         1
4BC,2023/05/24 12:22:00, 53,  0.437389, 54,  4.402327, 55,  3.964938, 50,  0.386624, 51,  4.362613, 52,  3.975989, 71,  0.622406, 77, 38.062500, 83,         2,110,         3,116,         1,164,         1
4CC,2023/05/24 12:23:00, 53,  0.383183, 54,  4.346319, 55,  3.963136, 50,  0.397878, 51,  4.303435, 52,  3.905557, 71,  0.626032, 77, 38.062500, 83,         2,110,         7,116,         1,164,         1
4FC,2023/05/24 12:24:00, 53,  0.413081, 54,  4.282876, 55,  3.869794, 50,  0.428963, 51,  4.267821, 52,  3.838858, 71,  0.625934, 77, 38.000000, 83,         2,110,         2,116,         1,164,         1
46C,2023/05/24 12:25:00, 53,  0.437359, 54,  4.250924, 55,  3.813565, 50,  0.421841, 51,  4.224189, 52,  3.802348, 71,  0.625787, 77, 37.843750, 83,         2,110,         1,116,         1,164,         1
4CC,2023/05/24 12:26:00, 53,  0.414132, 54,  4.188333, 55,  3.774201, 50,  0.394906, 51,  4.122077, 52,  3.727171, 71,  0.622603, 77, 37.812500, 83,         2,110,         0,116,         1,164,         1
49C,2023/05/24 12:27:00, 53,  0.359752, 54,  4.108217, 55,  3.748465, 50,  0.349235, 51,  4.068231, 52,  3.718996, 71,  0.621818, 77, 37.843750, 83,         2,110,         3,116,         1,164,         1
4AC,2023/05/24 12:28:00, 53,  0.339373, 54,  4.085925, 55,  3.746552, 50,  0.328543, 51,  4.087484, 52,  3.758942, 71,  0.625518, 77, 37.593750, 83,         2,110,         7,116,         1,164,         1
4AC,2023/05/24 12:29:00, 53,  0.345849, 54,  4.112371, 55,  3.766523, 50,  0.347759, 51,  4.123259, 52,  3.775500, 71,  0.626155, 77, 37.375000, 83,         2,110,         1,116,         1,164,         1
46C,2023/05/24 12:30:00, 53,  0.334522, 54,  4.106791, 55,  3.772269, 50,  0.320832, 51,  4.086754, 52,  3.765922, 71,  0.624195, 77, 37.250000, 83,         2,110,         0,116,         1,164,         1
45C,2023/05/24 12:31:00, 53,  0.307746, 54,  4.036474, 55,  3.728729, 50,  0.295382, 51,  3.998137, 52,  3.702755, 71,  0.621770, 77, 37.093750, 83,         2,110,         3,116,         1,164,         1
40C,2023/05/24 12:32:00, 53,  0.318776, 54,  3.997403, 55,  3.678627, 50,  0.349530, 51,  3.989125, 52,  3.639596, 71,  0.626057, 77, 37.062500, 83,         2,110,         2,116,         1,164,         1
47C,2023/05/24 12:33:00, 53,  0.363081, 54,  4.015844, 55,  3.652762, 50,  0.388324, 51,  4.032754, 52,  3.644430, 71,  0.626081, 77, 36.812500, 83,         2,110,         6,116,         1,164,         1
4CC,2023/05/24 12:34:00, 53,  0.431716, 54,  4.050652, 55,  3.618937, 50,  0.470408, 51,  4.068929, 52,  3.598521, 71,  0.625836, 77, 36.750000, 83,         2,110,         1,116,         1,164,         1
41C,2023/05/24 12:35:00, 53,  0.475206, 54,  4.107074, 55,  3.631867, 50,  0.490276, 51,  4.127199, 52,  3.636924, 71,  0.622308, 77, 36.750000, 83,         2,110,         0,116,         1,164,         1
4BC,2023/05/24 12:36:00, 53,  0.528649, 54,  4.154105, 55,  3.625456, 50,  0.548226, 51,  4.189095, 52,  3.640870, 71,  0.622700, 77, 37.000000, 83,         2,110,         3,116,         1,164,         1
4AC,2023/05/24 12:37:00, 53,  0.565301, 54,  4.204253, 55,  3.638952, 50,  0.572561, 51,  4.212874, 52,  3.640314, 71,  0.626106, 77, 36.968750, 83,         2,110,         2,116,         1,164,         1
4BC,2023/05/24 12:38:00, 53,  0.579672, 54,  4.218536, 55,  3.638864, 50,  0.579576, 51,  4.239227, 52,  3.659652, 71,  0.626081, 77, 37.125000, 83,         2,110,         6,116,         1,164,         1
42C,2023/05/24 12:39:00, 53,  0.587048, 54,  4.297054, 55,  3.710007, 50,  0.590188, 51,  4.342836, 52,  3.752649, 71,  0.623999, 77, 37.343750, 83,         2,110,         0,116,         1,164,         1
44C,2023/05/24 12:40:00, 53,  0.597985, 54,  4.349215, 55,  3.751230, 50,  0.606122, 51,  4.360895, 52,  3.754773, 71,  0.622480, 77, 37.593750, 83,         2,110,         3,116,         1,164,         1
4AC,2023/05/24 12:41:00, 53,  0.612544, 54,  4.354469, 55,  3.741925, 50,  0.609595, 51,  4.353662, 52,  3.744067, 71,  0.624072, 77, 37.812500, 83,         2,110,         2,116,         1,164,         1
45C,2023/05/24 12:42:00, 53,  0.605733, 54,  4.337000, 55,  3.731267, 50,  0.618022, 51,  4.318378, 52,  3.700358, 71,  0.625836, 77, 38.000000, 83,         2,110,         1,116,         1,164,         1
42C,2023/05/24 12:43:00, 53,  0.634222, 54,  4.308765, 55,  3.674544, 50,  0.634065, 51,  4.300656, 52,  3.666592, 71,  0.625934, 77, 37.937500, 83,         2,110,         6,116,         1,164,         1
43C,2023/05/24 12:44:00, 53,  0.633807, 54,  4.307439, 55,  3.673633, 50,  0.647777, 51,  4.321453, 52,  3.673676, 71,  0.622039, 77, 37.781250, 83,         2,110,         0,116,         1,164,         1
4DC,2023/05/24 12:45:00, 53,  0.675825, 54,  4.322697, 55,  3.646872, 50,  0.679695, 51,  4.326634, 52,  3.646940, 71,  0.622186, 77, 37.343750, 83,         2,110,         3,116,         1,164,         1
4BC,2023/05/24 12:46:00, 53,  0.709336, 54,  4.323832, 55,  3.614496, 50,  0.736283, 51,  4.340505, 52,  3.604223, 71,  0.625787, 77, 37.000000, 83,         2,110,         2,116,         1,164,         1
