46C,2023/07/07 10:54:00, 53,-9999.0000, 54,-9999.0000, 55,-9999.0000, 50,  0.000000, 51,  0.000000, 52,  0.000000, 71,  0.618830, 77, 37.156250, 83,     34819,110,        29,116,         1,164,         1
4CC,2023/07/07 10:55:00, 53,-9999.0000, 54,-9999.0000, 55,-9999.0000, 50,  0.000000, 51,  0.000000, 52,  0.000000, 71,  0.620153, 77, 37.218750, 83,     34819,110,        29,116,         1,164,         1
40C,2023/07/07 10:56:00, 53,-9999.0000, 54,-9999.0000, 55,-9999.0000, 50,  0.000000, 51,  0.000000, 52,  0.000000, 71,  0.620520, 77, 37.343750, 83,     34819,110,        29,116,         1,164,         1
4BC,2023/07/07 10:57:00, 53,-9999.0000, 54,-9999.0000, 55,-9999.0000, 50,  0.000000, 51,  0.000000, 52,  0.000000, 71,  0.620667, 77, 37.687500, 83,     34819,110,        29,116,         1,164,         1
49C,2023/07/07 10:58:00, 53,-9999.0000, 54,-9999.0000, 55,-9999.0000, 50,  0.000000, 51,  0.000000, 52,  0.000000, 71,  0.620961, 77, 37.906250, 83,     34819,110,        29,116,         1,164,         1
4CC,2023/07/07 10:59:00, 53,-9999.0000, 54,-9999.0000, 55,-9999.0000, 50,  0.000000, 51,  0.000000, 52,  0.000000, 71,  0.620888, 77, 38.156250, 83,     34819,110,        29,116,         1,164,         1
4EC,2023/07/07 11:00:00, 53,-9999.0000, 54,-9999.0000, 55,-9999.0000, 50,  0.000000, 51,  0.000000, 52,  0.000000, 71,  0.621035, 77, 38.406250, 83,     34819,110,        29,116,         1,164,         1
4EC,2023/07/07 11:01:00, 53,-9999.0000, 54,-9999.0000, 55,-9999.0000, 50,  0.000000, 51,  0.000000, 52,  0.000000, 71,  0.621083, 77, 38.781250, 83,     34819,110,        29,116,         1,164,         1
46C,2023/07/07 11:02:00, 53,-9999.0000, 54,-9999.0000, 55,-9999.0000, 50,  0.000000, 51,  0.000000, 52,  0.000000, 71,  0.620741, 77, 39.187500, 83,     34819,110,        29,116,         1,164,         1
41C,2023/07/07 11:03:00, 53,-9999.0000, 54,-9999.0000, 55,-9999.0000, 50,  0.000000, 51,  0.000000, 52,  0.000000, 71,  0.621083, 77, 39.406250, 83,     34819,110,        29,116,         1,164,         1
4AC,2023/07/07 11:04:00, 53,-9999.0000, 54,-9999.0000, 55,-9999.0000, 50,  0.000000, 51,  0.000000, 52,  0.000000, 71,  0.621035, 77, 39.562500, 83,     34819,110,        29,116,         1,164,         1
41C,2023/07/07 11:59:00, 53,-9999.0000, 54,-9999.0000, 55,-9999.0000, 50,  0.000000, 51,  0.000000, 52,  0.000000, 71,  0.619516, 77, 43.500000, 83,     34819,110,        29,116,         1,164,         1
43C,2023/07/07 12:00:00, 53,-9999.0000, 54,-9999.0000, 55,-9999.0000, 50,  0.000000, 51,  0.000000, 52,  0.000000, 71,  0.620324, 77, 43.437500, 83,     34819,110,        29,116,         1,164,         1
42C,2023/07/07 12:01:00, 53,-9999.0000, 54,-9999.0000, 55,-9999.0000, 50,  0.000000, 51,  0.000000, 52,  0.000000, 71,  0.620544, 77, 43.406250, 83,     34819,110,        29,116,         1,164,         1
44C,2023/07/07 12:02:00, 53,-9999.0000, 54,-9999.0000, 55,-9999.0000, 50,  0.000000, 51,  0.000000, 52,  0.000000, 71,  0.620716, 77, 43.500000, 83,     34819,110,        29,116,         1,164,         1
42C,2023/07/07 12:03:00, 53,-9999.0000, 54,-9999.0000, 55,-9999.0000, 50,  0.000000, 51,  0.000000, 52,  0.000000, 71,  0.620618, 77, 43.593750, 83,     34819,110,        29,116,         1,164,         1
4BC,2023/07/07 12:04:00, 53,-9999.0000, 54,-9999.0000, 55,-9999.0000, 50,  0.000000, 51,  0.000000, 52,  0.000000, 71,  0.620716, 77, 43.718750, 83,     34819,110,        29,116,         1,164,         1
46C,2023/07/07 12:05:00, 53,-9999.0000, 54,-9999.0000, 55,-9999.0000, 50,  0.000000, 51,  0.000000, 52,  0.000000, 71,  0.620863, 77, 43.843750, 83,     34819,110,        29,116,         1,164,         1
4FC,2023/07/07 12:06:00, 53,-9999.0000, 54,-9999.0000, 55,-9999.0000, 50,  0.000000, 51,  0.000000, 52,  0.000000, 71,  0.620839, 77, 43.906250, 83,     34819,110,        29,116,         1,164,         1
4DC,2023/07/07 12:07:00, 53,-9999.0000, 54,-9999.0000, 55,-9999.0000, 50,  0.000000, 51,  0.000000, 52,  0.000000, 71,  0.620790, 77, 44.000000, 83,     34819,110,        29,116,         1,164,         1
49C,2023/07/07 12:08:00, 53,-9999.0000, 54,-9999.0000, 55,-9999.0000, 50,  0.000000, 51,  0.000000, 52,  0.000000, 71,  0.620765, 77, 44.062500, 83,     34819,110,        29,116,         1,164,         1
4EC,2023/07/07 12:09:00, 53,-9999.0000, 54,-9999.0000, 55,-9999.0000, 50,  0.000000, 51,  0.000000, 52,  0.000000, 71,  0.620544, 77, 44.125000, 83,     34819,110,        29,116,         1,164,         1
4DC,2023/07/07 12:10:00, 53,-9999.0000, 54,-9999.0000, 55,-9999.0000, 50,  0.000000, 51,  0.000000, 52,  0.000000, 71,  0.620618, 77, 44.250000, 83,     34819,110,        29,116,         1,164,         1
42C,2023/07/07 12:11:00, 53,-9999.0000, 54,-9999.0000, 55,-9999.0000, 50,  0.000000, 51,  0.000000, 52,  0.000000, 71,  0.620716, 77, 44.343750, 83,     34819,110,        29,116,         1,164,         1
42C,2023/07/07 12:12:00, 53,-9999.0000, 54,-9999.0000, 55,-9999.0000, 50,  0.000000, 51,  0.000000, 52,  0.000000, 71,  0.620814, 77, 44.468750, 83,     34819,110,        29,116,         1,164,         1
44C,2023/07/07 12:13:00, 53,-9999.0000, 54,-9999.0000, 55,-9999.0000, 50,  0.000000, 51,  0.000000, 52,  0.000000, 71,  0.620741, 77, 44.531250, 83,     34819,110,        29,116,         1,164,         1
40C,2023/07/07 12:14:00, 53,-9999.0000, 54,-9999.0000, 55,-9999.0000, 50,  0.000000, 51,  0.000000, 52,  0.000000, 71,  0.620716, 77, 44.625000, 83,     34819,110,        29,116,         1,164,         1
40C,2023/07/07 12:15:00, 53,-9999.0000, 54,-9999.0000, 55,-9999.0000, 50,  0.000000, 51,  0.000000, 52,  0.000000, 71,  0.620299, 77, 44.656250, 83,     34819,110,        29,116,         1,164,         1
4DC,2023/07/07 12:16:00, 53,-9999.0000, 54,-9999.0000, 55,-9999.0000, 50,  0.000000, 51,  0.000000, 52,  0.000000, 71,  0.620839, 77, 44.687500, 83,     34819,110,        29,116,         1,164,         1
4BC,2023/07/07 12:17:00, 53,-9999.0000, 54,-9999.0000, 55,-9999.0000, 50,  0.000000, 51,  0.000000, 52,  0.000000, 71,  0.620667, 77, 44.812500, 83,     34819,110,        29,116,         1,164,         1
42C,2023/07/07 12:18:00, 53,-9999.0000, 54,-9999.0000, 55,-9999.0000, 50,  0.000000, 51,  0.000000, 52,  0.000000, 71,  0.620471, 77, 44.843750, 83,     34819,110,        29,116,         1,164,         1
43C,2023/07/07 12:19:00, 53,-9999.0000, 54,-9999.0000, 55,-9999.0000, 50,  0.000000, 51,  0.000000, 52,  0.000000, 71,  0.620667, 77, 44.906250, 83,     34819,110,        29,116,         1,164,         1
44C,2023/07/07 12:20:00, 53,-9999.0000, 54,-9999.0000, 55,-9999.0000, 50,  0.000000, 51,  0.000000, 52,  0.000000, 71,  0.620912, 77, 44.906250, 83,     34819,110,        29,116,         1,164,         1
48C,2023/07/07 12:21:00, 53,-9999.0000, 54,-9999.0000, 55,-9999.0000, 50,  0.000000, 51,  0.000000, 52,  0.000000, 71,  0.620667, 77, 44.906250, 83,     34819,110,        29,116,         1,164,         1
47C,2023/07/07 12:22:00, 53,-9999.0000, 54,-9999.0000, 55,-9999.0000, 50,  0.000000, 51,  0.000000, 52,  0.000000, 71,  0.620691, 77, 44.843750, 83,     34819,110,        29,116,         1,164,         1
4DC,2023/07/07 12:23:00, 53,-9999.0000, 54,-9999.0000, 55,-9999.0000, 50,  0.000000, 51,  0.000000, 52,  0.000000, 71,  0.620716, 77, 44.937500, 83,     34819,110,        29,116,         1,164,         1
4AC,2023/07/07 12:24:00, 53,-9999.0000, 54,-9999.0000, 55,-9999.0000, 50,  0.000000, 51,  0.000000, 52,  0.000000, 71,  0.620888, 77, 45.062500, 83,     34819,110,        29,116,         1,164,         1
44C,2023/07/07 12:25:00, 53,-9999.0000, 54,-9999.0000, 55,-9999.0000, 50,  0.000000, 51,  0.000000, 52,  0.000000, 71,  0.620618, 77, 45.218750, 83,     34819,110,        29,116,         1,164,         1
4CC,2023/07/07 12:26:00, 53, -0.700000, 54, -1.200000, 55, -0.500000, 50, -0.700000, 51, -1.200000, 52, -0.500000, 71,  0.620569, 77, 45.312500, 83,         2,110,         1,116,         1,164,         1
47C,2023/07/07 12:27:00, 53, -1.682280, 54,  7.867978, 55,  9.550258, 50, -2.897184, 51, 15.522752, 52, 18.419935, 71,  0.620618, 77, 45.343750, 83,         2,110,         6,116,         1,164,         1
4AC,2023/07/07 12:28:00, 53, -5.461038, 54, 19.257111, 55, 24.718147, 50, -4.833068, 51, 22.368393, 52, 27.201462, 71,  0.617213, 77, 45.281250, 83,         2,110,         0,116,         1,164,         1
47C,2023/07/07 12:29:00, 53, -5.295797, 54, 23.814941, 55, 29.110739, 50, -4.981444, 51, 25.704454, 52, 30.685898, 71,  0.617507, 77, 45.187500, 83,         2,110,         3,116,         1,164,         1
45C,2023/07/07 12:30:00, 53, -4.504846, 54, 26.389065, 55, 30.893909, 50, -4.621028, 51, 25.732765, 52, 30.353790, 71,  0.620691, 77, 45.062500, 83,         2,110,         2,116,         1,164,         1
4DC,2023/07/07 12:31:00, 53, -4.356592, 54, 26.406258, 55, 30.762850, 50, -4.273561, 51, 25.946947, 52, 30.220509, 71,  0.620765, 77, 44.875000, 83,         2,110,         1,116,         1,164,         1
42C,2023/07/07 12:32:00, 53, -4.113167, 54, 25.858669, 55, 29.971836, 50, -3.816559, 51, 25.621119, 52, 29.437679, 71,  0.620495, 77, 44.750000, 83,         2,110,         6,116,         1,164,         1
47C,2023/07/07 12:33:00, 53, -3.648520, 54, 25.475353, 55, 29.123873, 50, -3.523221, 51, 25.420668, 52, 28.943888, 71,  0.617237, 77, 44.687500, 83,         2,110,         0,116,         1,164,         1
4BC,2023/07/07 12:34:00, 53, -3.269371, 54, 25.302986, 55, 28.572357, 50, -3.069334, 51, 25.196487, 52, 28.265821, 71,  0.617115, 77, 44.750000, 83,         2,110,         3,116,         1,164,         1
4AC,2023/07/07 12:35:00, 53, -2.998169, 54, 24.990829, 55, 27.988998, 50, -2.868414, 51, 24.780970, 52, 27.649384, 71,  0.620642, 77, 44.718750, 83,         2,110,         1,116,         1,164,         1
40C,2023/07/07 12:36:00, 53, -2.594123, 54, 24.588676, 55, 27.182798, 50, -2.422980, 51, 24.331583, 52, 26.754560, 71,  0.620667, 77, 44.687500, 83,         2,110,         0,116,         1,164,         1
4DC,2023/07/07 12:37:00, 53, -2.340792, 54, 23.931465, 55, 26.272257, 50, -2.314751, 51, 23.221577, 52, 25.536327, 71,  0.618732, 77, 44.625000, 83,         2,110,         6,116,         1,164,         1
4DC,2023/07/07 12:38:00, 53, -2.174548, 54, 22.242847, 55, 24.417395, 50, -2.125211, 51, 21.646563, 52, 23.771772, 71,  0.617090, 77, 44.625000, 83,         2,110,         3,116,         1,164,         1
40C,2023/07/07 12:39:00, 53, -2.175847, 54, 21.205921, 55, 23.381767, 50, -2.201875, 51, 20.771212, 52, 22.973085, 71,  0.620398, 77, 44.593750, 83,         2,110,         2,116,         1,164,         1
41C,2023/07/07 12:40:00, 53, -2.217027, 54, 19.850468, 55, 22.067493, 50, -2.262487, 51, 18.938070, 52, 21.200556, 71,  0.620594, 77, 44.687500, 83,         2,110,         1,116,         1,164,         1
4DC,2023/07/07 12:41:00, 53, -2.185553, 54, 17.964607, 55, 20.150160, 50, -2.096362, 51, 16.713112, 52, 18.809475, 71,  0.620471, 77, 44.781250, 83,         2,110,         0,116,         1,164,         1
49C,2023/07/07 12:42:00, 53, -2.051136, 54, 15.746696, 55, 17.797832, 50, -2.043097, 51, 14.810407, 52, 16.853502, 71,  0.617017, 77, 44.875000, 83,         2,110,         6,116,         1,164,         1
4DC,2023/07/07 12:43:00, 53, -2.016954, 54, 14.313828, 55, 16.330780, 50, -2.007380, 51, 14.110425, 52, 16.117804, 71,  0.617360, 77, 44.937500, 83,         2,110,         3,116,         1,164,         1
4AC,2023/07/07 12:44:00, 53, -1.967980, 54, 13.826277, 55, 15.794256, 50, -1.872404, 51, 13.639226, 52, 15.511632, 71,  0.620790, 77, 44.906250, 83,         2,110,         2,116,         1,164,         1
4FC,2023/07/07 12:45:00, 53, -1.782067, 54, 13.548393, 55, 15.330461, 50, -1.673853, 51, 13.381929, 52, 15.055782, 71,  0.618707, 77, 45.031250, 83,         2,110,         0,116,         1,164,         1
44C,2023/07/07 12:46:00, 53, -1.602904, 54, 13.184813, 55, 14.787717, 50, -1.533925, 51, 12.941161, 52, 14.475084, 71,  0.620544, 77, 45.093750, 83,         2,110,         0,116,         1,164,         1
4DC,2023/07/07 12:47:00, 53, -1.367116, 54, 12.838507, 55, 14.205622, 50, -1.193260, 51, 12.732338, 52, 13.925596, 71,  0.616943, 77, 45.125000, 83,         2,110,         3,116,         1,164,         1
42C,2023/07/07 12:48:00, 53, -1.199670, 54, 12.566662, 55, 13.766332, 50, -1.186353, 51, 12.491395, 52, 13.677748, 71,  0.618413, 77, 45.062500, 83,         2,110,         2,116,         1,164,         1
48C,2023/07/07 12:49:00, 53, -1.195837, 54, 12.402237, 55, 13.598073, 50, -1.217800, 51, 12.328987, 52, 13.546786, 71,  0.620569, 77, 44.968750, 83,         2,110,         1,116,         1,164,         1
4FC,2023/07/07 12:50:00, 53, -1.215844, 54, 12.234455, 55, 13.450298, 50, -1.194293, 51, 12.080216, 52, 13.274509, 71,  0.616821, 77, 44.875000, 83,         2,110,         0,116,         1,164,         1
46C,2023/07/07 12:51:00, 53, -1.222616, 54, 12.021667, 55, 13.244283, 50, -1.245990, 51, 11.948354, 52, 13.194345, 71,  0.620471, 77, 44.750000, 83,         2,110,         0,116,         1,164,         1
4AC,2023/07/07 12:52:00, 53, -1.241110, 54, 11.916302, 55, 13.157412, 50, -1.237743, 51, 11.904848, 52, 13.142591, 71,  0.617017, 77, 44.656250, 83,         2,110,         3,116,         1,164,         1
4AC,2023/07/07 12:53:00, 53, -1.254210, 54, 11.816544, 55, 13.070753, 50, -1.247496, 51, 11.782053, 52, 13.029549, 71,  0.620006, 77, 44.625000, 83,         2,110,         2,116,         1,164,         1
4CC,2023/07/07 12:54:00, 53, -1.183731, 54, 11.861731, 55, 13.045461, 50, -1.119418, 51, 11.904658, 52, 13.024076, 71,  0.619908, 77, 44.750000, 83,         2,110,         1,116,         1,164,         1
40C,2023/07/07 12:55:00, 53, -1.002351, 54, 12.000868, 55, 13.003219, 50, -0.898845, 51, 12.039115, 52, 12.937959, 71,  0.616698, 77, 44.906250, 83,         2,110,         0,116,         1,164,         1
49C,2023/07/07 12:56:00, 53, -0.853799, 54, 12.044905, 55, 12.898703, 50, -0.810062, 51, 12.015247, 52, 12.825308, 71,  0.620594, 77, 45.000000, 83,         2,110,         0,116,         1,164,         1
4CC,2023/07/07 12:57:00, 53, -0.783527, 54, 11.952127, 55, 12.735654, 50, -0.786461, 51, 11.888004, 52, 12.674465, 71,  0.618707, 77, 45.156250, 83,         2,110,         2,116,         1,164,         1
46C,2023/07/07 12:58:00, 53, -0.764079, 54, 11.726952, 55, 12.491031, 50, -0.757295, 51, 11.650495, 52, 12.407790, 71,  0.620324, 77, 45.281250, 83,         2,110,         1,116,         1,164,         1
45C,2023/07/07 12:59:00, 53, -0.741873, 54, 11.627338, 55, 12.369211, 50, -0.722318, 51, 11.608887, 52, 12.331204, 71,  0.616576, 77, 45.343750, 83,         2,110,         0,116,         1,164,         1
40C,2023/07/07 13:00:00, 53, -0.732303, 54, 11.545097, 55, 12.277400, 50, -0.760336, 51, 11.458626, 52, 12.218961, 71,  0.616747, 77, 45.343750, 83,         2,110,         3,116,         1,164,         1
4BC,2023/07/07 13:01:00, 53, -0.734205, 54, 11.478905, 55, 12.213109, 50, -0.692804, 51, 11.511303, 52, 12.204106, 71,  0.620741, 77, 45.406250, 83,         2,110,         7,116,         1,164,         1
44C,2023/07/07 13:02:00, 53, -0.603857, 54, 11.616354, 55, 12.220210, 50, -0.528871, 51, 11.687647, 52, 12.216517, 71,  0.620471, 77, 45.437500, 83,         2,110,         2,116,         1,164,         1
4CC,2023/07/07 13:03:00, 53, -0.481286, 54, 11.696178, 55, 12.177464, 50, -0.451674, 51, 11.657206, 52, 12.108881, 71,  0.620202, 77, 45.500000, 83,         2,110,         1,116,         1,164,         1
48C,2023/07/07 13:04:00, 53, -0.468528, 54, 11.615849, 55, 12.084375, 50, -0.490953, 51, 11.607524, 52, 12.098475, 71,  0.616992, 77, 45.562500, 83,         2,110,         0,116,         1,164,         1
4FC,2023/07/07 13:05:00, 53, -0.477056, 54, 11.592083, 55, 12.069139, 50, -0.465704, 51, 11.560712, 52, 12.026414, 71,  0.616870, 77, 45.562500, 83,         2,110,         3,116,         1,164,         1
49C,2023/07/07 13:06:00, 53, -0.456060, 54, 11.564854, 55, 12.020913, 50, -0.461075, 51, 11.527060, 52, 11.988132, 71,  0.619957, 77, 45.500000, 83,         2,110,         7,116,         1,164,         1
43C,2023/07/07 13:07:00, 53, -0.467106, 54, 11.512819, 55, 11.979925, 50, -0.453673, 51, 11.511828, 52, 11.965500, 71,  0.620398, 77, 45.500000, 83,         2,110,         1,116,         1,164,         1
42C,2023/07/07 13:08:00, 53, -0.441245, 54, 11.479565, 55, 11.920810, 50, -0.434473, 51, 11.430407, 52, 11.864878, 71,  0.618511, 77, 45.500000, 83,         2,110,         0,116,         1,164,         1
4FC,2023/07/07 13:09:00, 53, -0.426616, 54, 11.324995, 55, 11.751611, 50, -0.406730, 51, 11.220291, 52, 11.627022, 71,  0.616576, 77, 45.468750, 83,         2,110,         3,116,         1,164,         1
40C,2023/07/07 13:10:00, 53, -0.421922, 54, 11.157644, 55, 11.579566, 50, -0.419142, 51, 11.107523, 52, 11.526664, 71,  0.620495, 77, 45.500000, 83,         2,110,         2,116,         1,164,         1
46C,2023/07/07 13:11:00, 53, -0.417447, 54, 11.068918, 55, 11.486365, 50, -0.409946, 51, 11.033497, 52, 11.443443, 71,  0.620447, 77, 45.593750, 83,         2,110,         6,116,         1,164,         1
43C,2023/07/07 13:12:00, 53, -0.402469, 54, 10.993727, 55, 11.396194, 50, -0.404395, 51, 10.975072, 52, 11.379467, 71,  0.620153, 77, 45.562500, 83,         2,110,         1,116,         1,164,         1
43C,2023/07/07 13:13:00, 53, -0.383766, 54, 10.982748, 55, 11.366513, 50, -0.355818, 51, 10.990530, 52, 11.346347, 71,  0.616796, 77, 45.593750, 83,         2,110,         0,116,         1,164,         1
40C,2023/07/07 13:14:00, 53, -0.342457, 54, 10.994419, 55, 11.336875, 50, -0.308385, 51, 11.031238, 52, 11.339623, 71,  0.616772, 77, 45.531250, 83,         2,110,         3,116,         1,164,         1
46C,2023/07/07 13:15:00, 53, -0.299211, 54, 11.029278, 55, 11.328488, 50, -0.286742, 51, 11.021353, 52, 11.308094, 71,  0.620177, 77, 45.531250, 83,         2,110,         2,116,         1,164,         1
4CC,2023/07/07 13:16:00, 53, -0.264785, 54, 11.036196, 55, 11.300981, 50, -0.226255, 51, 11.091373, 52, 11.317627, 71,  0.620447, 77, 45.656250, 83,         2,110,         6,116,         1,164,         1
4EC,2023/07/07 13:17:00, 53, -0.214190, 54, 11.127737, 55, 11.341927, 50, -0.194658, 51, 11.131575, 52, 11.326233, 71,  0.618389, 77, 45.750000, 83,         2,110,         0,116,         1,164,         1
42C,2023/07/07 13:18:00, 53, -0.185036, 54, 11.135820, 55, 11.320855, 50, -0.152698, 51, 11.161651, 52, 11.314349, 71,  0.616723, 77, 45.718750, 83,         2,110,         3,116,         1,164,         1
4CC,2023/07/07 13:19:00, 53, -0.110643, 54, 11.211433, 55, 11.322076, 50, -0.078930, 51, 11.272184, 52, 11.351113, 71,  0.618585, 77, 45.718750, 83,         2,110,         2,116,         1,164,         1
4CC,2023/07/07 13:20:00, 53, -0.060573, 54, 11.304272, 55, 11.364843, 50, -0.032415, 51, 11.301204, 52, 11.333618, 71,  0.620544, 77, 45.593750, 83,         2,110,         1,116,         1,164,         1
45C,2023/07/07 13:21:00, 53, -0.036303, 54, 11.259226, 55, 11.295528, 50, -0.041657, 51, 11.226944, 52, 11.268600, 71,  0.620447, 77, 45.468750, 83,         2,110,         6,116,         1,164,         1
4DC,2023/07/07 13:22:00, 53, -0.091004, 54, 11.193480, 55, 11.284483, 50, -0.138837, 51, 11.100945, 52, 11.239781, 71,  0.616674, 77, 45.218750, 83,         2,110,         0,116,         1,164,         1
4BC,2023/07/07 13:23:00, 53, -0.174980, 54, 10.983084, 55, 11.158063, 50, -0.188498, 51, 11.002447, 52, 11.190945, 71,  0.616943, 77, 45.062500, 83,         2,110,         3,116,         1,164,         1
47C,2023/07/07 13:24:00, 53, -0.175514, 54, 11.030066, 55, 11.205580, 50, -0.180932, 51, 11.031322, 52, 11.212254, 71,  0.620544, 77, 44.937500, 83,         2,110,         2,116,         1,164,         1
41C,2023/07/07 13:25:00, 53, -0.169091, 54, 11.045961, 55, 11.215052, 50, -0.175841, 51, 11.078210, 52, 11.254049, 71,  0.620495, 77, 44.843750, 83,         2,110,         1,116,         1,164,         1
48C,2023/07/07 13:26:00, 53, -0.158293, 54, 11.111197, 55, 11.269489, 50, -0.104413, 51, 11.166421, 52, 11.270834, 71,  0.619565, 77, 44.843750, 83,         2,110,         6,116,         1,164,         1
4DC,2023/07/07 13:27:00, 53, -0.064659, 54, 11.240307, 55, 11.304966, 50, -0.054157, 51, 11.241952, 52, 11.296108, 71,  0.616478, 77, 44.906250, 83,         2,110,         3,116,         1,164,         1
4BC,2023/07/07 13:28:00, 53, -0.060315, 54, 11.249908, 55, 11.310223, 50, -0.067432, 51, 11.260436, 52, 11.327868, 71,  0.618536, 77, 45.000000, 83,         2,110,         2,116,         1,164,         1
4EC,2023/07/07 13:29:00, 53, -0.055125, 54, 11.261927, 55, 11.317052, 50, -0.049538, 51, 11.248186, 52, 11.297723, 71,  0.620398, 77, 44.968750, 83,         2,110,         1,116,         1,164,         1
45C,2023/07/07 13:30:00, 53, -0.025454, 54, 11.218304, 55, 11.243757, 50, -0.017911, 51, 11.199746, 52, 11.217657, 71,  0.620348, 77, 44.875000, 83,         2,110,         0,116,         1,164,         1
4EC,2023/07/07 13:31:00, 53, -0.020184, 54, 11.183716, 55, 11.203899, 50,  0.011055, 51, 11.173186, 52, 11.162131, 71,  0.616723, 77, 44.750000, 83,         2,110,         6,116,         1,164,         1
41C,2023/07/07 13:32:00, 53,  0.019306, 54, 11.158401, 55, 11.139095, 50,  0.029479, 51, 11.145452, 52, 11.115973, 71,  0.616649, 77, 44.656250, 83,         2,110,         3,116,         1,164,         1
4DC,2023/07/07 13:33:00, 53,  0.077146, 54, 11.171600, 55, 11.094455, 50,  0.085371, 51, 11.170450, 52, 11.085079, 71,  0.620348, 77, 44.625000, 83,         2,110,         2,116,         1,164,         1
42C,2023/07/07 13:34:00, 53,  0.118394, 54, 11.199644, 55, 11.081250, 50,  0.177851, 51, 11.291409, 52, 11.113560, 71,  0.620104, 77, 44.656250, 83,         2,110,         1,116,         1,164,         1
44C,2023/07/07 13:35:00, 53,  0.201595, 54, 11.290476, 55, 11.088881, 50,  0.209949, 51, 11.257827, 52, 11.047879, 71,  0.620373, 77, 44.625000, 83,         2,110,         0,116,         1,164,         1
48C,2023/07/07 13:36:00, 53,  0.203025, 54, 11.232985, 55, 11.029960, 50,  0.182835, 51, 11.217383, 52, 11.034550, 71,  0.616625, 77, 44.656250, 83,         2,110,         6,116,         1,164,         1
45C,2023/07/07 13:37:00, 53,  0.170835, 54, 11.195419, 55, 11.024585, 50,  0.156126, 51, 11.162594, 52, 11.006469, 71,  0.616404, 77, 44.625000, 83,         2,110,         3,116,         1,164,         1
40C,2023/07/07 13:38:00, 53,  0.176489, 54, 11.116341, 55, 10.939852, 50,  0.171041, 51, 11.072855, 52, 10.901814, 71,  0.620471, 77, 44.593750, 83,         2,110,         1,116,         1,164,         1
41C,2023/07/07 13:39:00, 53,  0.124624, 54, 11.036278, 55, 10.911654, 50,  0.073003, 51, 11.001298, 52, 10.928295, 71,  0.618389, 77, 44.593750, 83,         2,110,         0,116,         1,164,         1
46C,2023/07/07 13:40:00, 53,  0.081701, 54, 10.998392, 55, 10.916691, 50,  0.095599, 51, 10.985065, 52, 10.889466, 71,  0.620422, 77, 44.687500, 83,         2,110,         0,116,         1,164,         1
4AC,2023/07/07 13:41:00, 53,  0.116556, 54, 10.979534, 55, 10.862979, 50,  0.140485, 51, 10.972944, 52, 10.832458, 71,  0.616625, 77, 44.781250, 83,         2,110,         3,116,         1,164,         1
4AC,2023/07/07 13:42:00, 53,  0.152105, 54, 10.943384, 55, 10.791280, 50,  0.111731, 51, 10.922813, 52, 10.811083, 71,  0.620447, 77, 44.843750, 83,         2,110,         2,116,         1,164,         1
4BC,2023/07/07 13:43:00, 53,  0.073476, 54, 10.884993, 55, 10.811517, 50,  0.047358, 51, 10.818179, 52, 10.770822, 71,  0.620373, 77, 44.875000, 83,         2,110,         1,116,         1,164,         1
43C,2023/07/07 13:44:00, 53,  0.021741, 54, 10.737694, 55, 10.715953, 50, -0.003112, 51, 10.674854, 52, 10.677965, 71,  0.616625, 77, 44.906250, 83,         2,110,         0,116,         1,164,         1
4AC,2023/07/07 13:45:00, 53, -0.033398, 54, 10.666580, 55, 10.699978, 50, -0.063623, 51, 10.671813, 52, 10.735435, 71,  0.620153, 77, 44.937500, 83,         2,110,         0,116,         1,164,         1
4EC,2023/07/07 13:46:00, 53, -0.059312, 54, 10.696758, 55, 10.756070, 50, -0.063745, 51, 10.691551, 52, 10.755295, 71,  0.616159, 77, 44.906250, 83,         2,110,         3,116,         1,164,         1
42C,2023/07/07 13:47:00, 53, -0.066059, 54, 10.675110, 55, 10.741169, 50, -0.055349, 51, 10.651649, 52, 10.706998, 71,  0.620226, 77, 44.781250, 83,         2,110,         2,116,         1,164,         1
4CC,2023/07/07 13:48:00, 53, -0.029729, 54, 10.645908, 55, 10.675636, 50, -0.022163, 51, 10.622666, 52, 10.644829, 71,  0.618315, 77, 44.593750, 83,         2,110,         0,116,         1,164,         1
42C,2023/07/07 13:49:00, 53, -0.032504, 54, 10.595148, 55, 10.627651, 50, -0.052519, 51, 10.559588, 52, 10.612107, 71,  0.616208, 77, 44.406250, 83,         2,110,         3,116,         1,164,         1
4DC,2023/07/07 13:50:00, 53, -0.034655, 54, 10.555683, 55, 10.590338, 50, -0.005848, 51, 10.528247, 52, 10.534096, 71,  0.620202, 77, 44.062500, 83,         2,110,         0,116,         1,164,         1
4AC,2023/07/07 13:51:00, 53,  0.009637, 54, 10.502415, 55, 10.492778, 50,  0.008743, 51, 10.492652, 52, 10.483911, 71,  0.618242, 77, 43.781250, 83,         2,110,         2,116,         1,164,         1
47C,2023/07/07 13:52:00, 53,  0.032628, 54, 10.494904, 55, 10.462276, 50,  0.066211, 51, 10.497454, 52, 10.431243, 71,  0.620226, 77, 43.656250, 83,         2,110,         1,116,         1,164,         1
4FC,2023/07/07 13:53:00, 53,  0.137298, 54, 10.515671, 55, 10.378373, 50,  0.194981, 51, 10.505855, 52, 10.310875, 71,  0.616331, 77, 43.718750, 83,         2,110,         0,116,         1,164,         1
44C,2023/07/07 13:54:00, 53,  0.191959, 54, 10.476446, 55, 10.284488, 50,  0.180764, 51, 10.454261, 52, 10.273499, 71,  0.616404, 77, 43.781250, 83,         2,110,         3,116,         1,164,         1
42C,2023/07/07 13:55:00, 53,  0.147728, 54, 10.457684, 55, 10.309956, 50,  0.118509, 51, 10.411677, 52, 10.293170, 71,  0.619932, 77, 43.843750, 83,         2,110,         7,116,         1,164,         1
4DC,2023/07/07 13:56:00, 53,  0.118276, 54, 10.375124, 55, 10.256848, 50,  0.137407, 51, 10.384171, 52, 10.246764, 71,  0.620422, 77, 43.875000, 83,         2,110,         2,116,         1,164,         1
4DC,2023/07/07 13:57:00, 53,  0.149074, 54, 10.396753, 55, 10.247680, 50,  0.169409, 51, 10.374576, 52, 10.205166, 71,  0.619859, 77, 43.843750, 83,         2,110,         1,116,         1,164,         1
4CC,2023/07/07 13:58:00, 53,  0.180710, 54, 10.339722, 55, 10.159012, 50,  0.176799, 51, 10.302485, 52, 10.125687, 71,  0.616404, 77, 43.875000, 83,         2,110,         0,116,         1,164,         1
4DC,2023/07/07 13:59:00, 53,  0.167194, 54, 10.275726, 55, 10.108533, 50,  0.153985, 51, 10.246770, 52, 10.092785, 71,  0.618266, 77, 43.875000, 83,         2,110,         2,116,         1,164,         1
5BC,2023/07/07 14:00:00, 53,  0.188163, 54, 10.211658, 55, 10.023497, 50,  0.229140, 51, 10.190333, 52,  9.961195, 71,  0.620348, 77, 43.812500, 83,         2,110,         7,116,         1,164,         1
41C,2023/07/07 14:01:00, 53,  0.260099, 54, 10.155315, 55,  9.895217, 50,  0.272440, 51, 10.131969, 52,  9.859529, 71,  0.619687, 77, 43.812500, 83,         2,110,         1,116,         1,164,         1
49C,2023/07/07 14:02:00, 53,  0.254967, 54, 10.116353, 55,  9.861386, 50,  0.223239, 51, 10.089159, 52,  9.865920, 71,  0.616698, 77, 43.750000, 83,         2,110,         0,116,         1,164,         1
50C,2023/07/07 14:03:00, 53,  0.177092, 54, 10.020844, 55,  9.843752, 50,  0.137762, 51,  9.948080, 52,  9.810319, 71,  0.616551, 77, 43.718750, 83,         2,110,         3,116,         1,164,         1
41C,2023/07/07 14:04:00, 53,  0.098728, 54,  9.886578, 55,  9.787850, 50,  0.026679, 51,  9.816436, 52,  9.789757, 71,  0.619883, 77, 43.687500, 83,         2,110,         2,116,         1,164,         1
4FC,2023/07/07 14:04:00, 53, -0.012996, 54,  9.796307, 55,  9.809302, 50, -0.036719, 51,  9.785009, 52,  9.821730, 71,  0.620055, 77, 43.562500, 83,         2,110,         6,116,         1,164,         1
44C,2023/07/07 14:06:00, 53, -0.065693, 54,  9.791828, 55,  9.857520, 50, -0.096378, 51,  9.800061, 52,  9.896438, 71,  0.619271, 77, 43.531250, 83,         2,110,         1,116,         1,164,         1
42C,2023/07/07 14:07:00, 53, -0.082675, 54,  9.809751, 55,  9.892426, 50, -0.082141, 51,  9.786018, 52,  9.868157, 71,  0.616404, 77, 43.656250, 83,         2,110,         0,116,         1,164,         1
4BC,2023/07/07 14:08:00, 53, -0.084152, 54,  9.717927, 55,  9.802078, 50, -0.053509, 51,  9.679173, 52,  9.732682, 71,  0.616257, 77, 43.687500, 83,         2,110,         3,116,         1,164,         1
4DC,2023/07/07 14:09:00, 53, -0.017329, 54,  9.675694, 55,  9.693023, 50,  0.032266, 51,  9.658689, 52,  9.626424, 71,  0.620202, 77, 43.593750, 83,         2,110,         1,116,         1,164,         1
4EC,2023/07/07 14:10:00, 53,  0.078027, 54,  9.667633, 55,  9.589606, 50,  0.124214, 51,  9.651577, 52,  9.527363, 71,  0.620177, 77, 43.531250, 83,         2,110,         6,116,         1,164,         1
