4FC,2023/07/07 11:02:00, 53,  0.999998, 49,        64, 56,  1.122094, 64, 10.196545, 72,727.144658, 73,745.722661, 77, 34.000000, 81, 50.672066, 83,         3,110,        29,116,         1,164,         1
4BC,2023/07/07 11:03:00, 53,  0.999998, 49,        64, 56,  1.122094, 64, 10.196545, 72,727.211674, 73,745.780766, 77, 34.843750, 81, 50.583107, 83,         3,110,        29,116,         1,164,         1
4CC,2023/07/07 11:58:00, 53,-9999.0000, 49,         1, 56,  1.122094, 64, 10.260635, 72,718.922612, 73,737.012700, 77, 30.593750, 81, 37.971352, 83,         3,110,        29,116,         1,164,         1
47C,2023/07/07 11:59:00, 53,-9999.0000, 49,         1, 56,  1.122094, 64, 10.172129, 72,724.876347, 73,744.756840, 77, 31.031250, 81, 43.886757, 83,         3,110,        29,116,         1,164,         1
47C,2023/07/07 12:00:00, 53,-9999.0000, 49,       128, 56,  1.122094, 64, 10.205700, 72,725.611088, 73,745.005864, 77, 31.562500, 81, 47.376564, 83,         3,110,        29,116,         1,164,         1
4AC,2023/07/07 12:01:00, 53,-9999.0000, 49,       128, 56,  1.122094, 64, 10.220959, 72,726.042729, 73,745.160527, 77, 32.062500, 81, 49.317978, 83,         3,110,        29,116,         1,164,         1
45C,2023/07/07 12:02:00, 53,  0.574964, 49,        64, 56,  1.122094, 64, 10.190439, 72,726.554692, 73,745.184331, 77, 32.531250, 81, 50.175117, 83,         3,110,        29,116,         1,164,         1
47C,2023/07/07 12:03:00, 53,  0.917922, 49,        64, 56,  1.122094, 64, 10.190439, 72,726.727421, 73,745.239629, 77, 32.937500, 81, 50.563133, 83,         3,110,        29,116,         1,164,         1
42C,2023/07/07 12:04:00, 53,  0.992959, 49,        64, 56,  1.122094, 64, 10.196545, 72,726.811650, 73,745.278447, 77, 33.281250, 81, 50.696434, 83,         3,110,        29,116,         1,164,         1
49C,2023/07/07 12:05:00, 53,  0.999871, 49,        64, 56,  1.122094, 64, 10.193491, 72,726.834233, 73,745.302129, 77, 33.593750, 81, 50.682968, 83,         3,110,        29,116,         1,164,         1
41C,2023/07/07 12:06:00, 53,  0.999998, 49,        64, 56,  1.122094, 64, 10.193491, 72,726.928471, 73,745.371220, 77, 33.781250, 81, 50.585686, 83,         3,110,        29,116,         1,164,         1
4EC,2023/07/07 12:07:00, 53,  0.999998, 49,        64, 56,  1.122094, 64, 10.193491, 72,726.921025, 73,745.405522, 77, 33.937500, 81, 50.477776, 83,         3,110,        29,116,         1,164,         1
49C,2023/07/07 12:08:00, 53,  0.999998, 49,        64, 56,  1.122094, 64, 10.193491, 72,726.941045, 73,745.427373, 77, 34.125000, 81, 50.375725, 83,         3,110,        29,116,         1,164,         1
49C,2023/07/07 12:09:00, 53,  0.999998, 49,        64, 56,  1.122094, 64, 10.193491, 72,726.958134, 73,745.428105, 77, 34.187500, 81, 50.269928, 83,         3,110,        29,116,         1,164,         1
4DC,2023/07/07 12:10:00, 53,  0.999998, 49,        64, 56,  1.122094, 64, 10.193491, 72,726.973637, 73,745.430913, 77, 34.312500, 81, 50.199600, 83,         3,110,        29,116,         1,164,         1
47C,2023/07/07 12:11:00, 53,  0.999998, 49,        64, 56,  1.122094, 64, 10.193491, 72,726.989018, 73,745.442143, 77, 34.468750, 81, 50.166420, 83,         3,110,        29,116,         1,164,         1
44C,2023/07/07 12:12:00, 53,  0.999998, 49,        64, 56,  1.122094, 64, 10.193491, 72,726.961919, 73,745.453618, 77, 34.625000, 81, 50.123108, 83,         3,110,        29,116,         1,164,         1
44C,2023/07/07 12:13:00, 53,  0.999998, 49,        64, 56,  1.122094, 64, 10.190439, 72,726.996464, 73,745.460332, 77, 34.687500, 81, 50.101776, 83,         3,110,        29,116,         1,164,         1
47C,2023/07/07 12:14:00, 53,  0.999998, 49,        64, 56,  1.122094, 64, 10.190439, 72,726.982060, 73,745.447758, 77, 34.812500, 81, 50.061935, 83,         3,110,        29,116,         1,164,         1
48C,2023/07/07 12:15:00, 53, 13.529650, 49,        64, 56,  1.122094, 64, 10.190439, 72,727.037114, 73,745.449589, 77, 34.843750, 81, 50.053345, 83,         2,110,         1,116,         1,164,         1
4EC,2023/07/07 12:16:00, 53, 30.915821, 49,        64, 56,  1.122094, 64, 10.187387, 72,726.997807, 73,745.460942, 77, 34.906250, 81, 50.035225, 83,         2,110,         1,116,         1,164,         1
40C,2023/07/07 12:17:00, 53, 30.994598, 49,        64, 56,  1.122094, 64, 10.187387, 72,727.002690, 73,745.457036, 77, 35.000000, 81, 50.043259, 83,         2,110,         1,116,         1,164,         1
49C,2023/07/07 12:18:00, 53, 30.757526, 49,        64, 56,  1.122094, 64, 10.184336, 72,726.997563, 73,745.472661, 77, 35.093750, 81, 50.023232, 83,         2,110,         1,116,         1,164,         1
45C,2023/07/07 12:19:00, 53, 30.613754, 49,        64, 56,  1.122094, 64, 10.184336, 72,727.008916, 73,745.476811, 77, 35.218750, 81, 50.025406, 83,         2,110,         1,116,         1,164,         1
4DC,2023/07/07 12:20:00, 53, 31.116665, 49,        64, 56,  1.122094, 64, 10.178232, 72,727.012089, 73,745.466435, 77, 35.250000, 81, 50.031013, 83,         2,110,         1,116,         1,164,         1
49C,2023/07/07 12:21:00, 53, 31.532963, 49,        64, 56,  1.122094, 64, 10.175180, 72,727.024052, 73,745.465459, 77, 35.250000, 81, 50.026733, 83,         2,110,         1,116,         1,164,         1
45C,2023/07/07 12:22:00, 53, 32.178619, 49,        64, 56,  1.122094, 64, 10.181284, 72,727.041997, 73,745.496831, 77, 35.218750, 81, 49.989998, 83,         2,110,         1,116,         1,164,         1
47C,2023/07/07 12:23:00, 53, 32.755707, 49,        64, 56,  1.122094, 64, 10.181284, 72,727.013310, 73,745.490239, 77, 35.343750, 81, 50.001411, 83,         2,110,         1,116,         1,164,         1
44C,2023/07/07 12:24:00, 53, 32.874962, 49,        64, 56,  1.122094, 64, 10.181284, 72,727.022588, 73,745.499272, 77, 35.375000, 81, 49.996857, 83,         2,110,         1,116,         1,164,         1
46C,2023/07/07 12:25:00, 53, 32.548374, 49,        64, 56,  1.122094, 64, 10.184336, 72,726.991948, 73,745.484990, 77, 35.406250, 81, 49.991928, 83,         2,110,         1,116,         1,164,         1
41C,2023/07/07 12:26:00, 53, 32.867832, 49,        64, 56,  1.122094, 64, 10.175180, 72,726.969243, 73,745.469243, 77, 35.468750, 81, 50.030449, 83,         2,110,         1,116,         1,164,         1
45C,2023/07/07 12:27:00, 53, 32.182194, 49,        64, 56,  1.122094, 64, 10.166025, 72,726.984013, 73,745.447026, 77, 35.531250, 81, 50.050011, 83,         2,110,         1,116,         1,164,         1
4EC,2023/07/07 12:28:00, 53, 31.660717, 49,        64, 56,  1.122094, 64, 10.162973, 72,726.918584, 73,745.404668, 77, 35.625000, 81, 50.051208, 83,         2,110,         1,116,         1,164,         1
4CC,2023/07/07 12:29:00, 53, 32.051437, 49,        64, 56,  1.122094, 64, 10.166025, 72,726.923711, 73,745.396001, 77, 35.593750, 81, 50.017914, 83,         2,110,         1,116,         1,164,         1
44C,2023/07/07 12:30:00, 53, 33.504387, 49,        64, 56,  1.122094, 64, 10.166025, 72,726.921635, 73,745.371098, 77, 35.531250, 81, 50.012642, 83,         2,110,         1,116,         1,164,         1
40C,2023/07/07 12:31:00, 53, 35.247406, 49,        64, 56,  1.122094, 64, 10.166025, 72,726.893437, 73,745.342656, 77, 35.406250, 81, 49.993851, 83,         2,110,         1,116,         1,164,         1
46C,2023/07/07 12:32:00, 53, 36.785530, 49,        64, 56,  1.122094, 64, 10.172129, 72,726.867802, 73,745.317143, 77, 35.343750, 81, 49.994469, 83,         2,110,         1,116,         1,164,         1
4CC,2023/07/07 12:33:00, 53, 37.550392, 49,        64, 56,  1.122094, 64, 10.175180, 72,726.861211, 73,745.338750, 77, 35.343750, 81, 49.978577, 83,         2,110,         0,116,         1,164,         1
4CC,2023/07/07 12:34:00, 53, 36.643761, 49,        64, 56,  1.122094, 64, 10.169077, 72,726.878911, 73,745.330205, 77, 35.375000, 81, 50.007790, 83,         2,110,         0,116,         1,164,         1
4BC,2023/07/07 12:35:00, 53, 36.212898, 49,        64, 56,  1.122094, 64, 10.172129, 72,726.842900, 73,745.315190, 77, 35.312500, 81, 49.990128, 83,         2,110,         0,116,         1,164,         1
48C,2023/07/07 12:36:00, 53, 34.399261, 49,        64, 56,  1.122094, 64, 10.172129, 72,726.881963, 73,745.317143, 77, 35.281250, 81, 49.993874, 83,         2,110,         0,116,         1,164,         1
49C,2023/07/07 12:37:00, 53, 33.940723, 49,        64, 56,  1.122094, 64, 10.178232, 72,726.888676, 73,745.326054, 77, 35.250000, 81, 49.990379, 83,         2,110,         0,116,         1,164,         1
4AC,2023/07/07 12:38:00, 53, 34.630554, 49,        64, 56,  1.122094, 64, 10.172129, 72,726.894780, 73,745.298955, 77, 35.250000, 81, 50.007584, 83,         2,110,         0,116,         1,164,         1
49C,2023/07/07 12:39:00, 53, 34.474670, 49,        64, 56,  1.122094, 64, 10.178232, 72,726.878178, 73,745.273320, 77, 35.218750, 81, 49.981110, 83,         2,110,         0,116,         1,164,         1
4DC,2023/07/07 12:40:00, 53, 35.288887, 49,        64, 56,  1.122094, 64, 10.178232, 72,726.791753, 73,745.269780, 77, 35.281250, 81, 49.992058, 83,         2,110,         0,116,         1,164,         1
4AC,2023/07/07 12:41:00, 53, 35.721352, 49,        64, 56,  1.122094, 64, 10.175180, 72,726.858159, 73,745.259892, 77, 35.281250, 81, 49.996307, 83,         2,110,         0,116,         1,164,         1
4AC,2023/07/07 12:42:00, 53, 35.581337, 49,        64, 56,  1.122094, 64, 10.175180, 72,726.799809, 73,745.261357, 77, 35.281250, 81, 49.993538, 83,         2,110,         0,116,         1,164,         1
4CC,2023/07/07 12:43:00, 53, 35.827126, 49,        64, 56,  1.122094, 64, 10.172129, 72,726.866215, 73,745.248296, 77, 35.343750, 81, 50.018845, 83,         2,110,         0,116,         1,164,         1
40C,2023/07/07 12:44:00, 53, 35.810341, 49,        64, 56,  1.122094, 64, 10.175180, 72,726.864629, 73,745.247563, 77, 35.312500, 81, 49.979843, 83,         2,110,         0,116,         1,164,         1
48C,2023/07/07 12:45:00, 53, 35.906910, 49,        64, 56,  1.122094, 64, 10.172129, 72,726.825810, 73,745.229130, 77, 35.375000, 81, 50.024048, 83,         2,110,         0,116,         1,164,         1
46C,2023/07/07 12:46:00, 53, 35.886230, 49,        64, 56,  1.122094, 64, 10.169077, 72,726.809575, 73,745.203496, 77, 35.468750, 81, 50.013962, 83,         2,110,         0,116,         1,164,         1
42C,2023/07/07 12:47:00, 53, 35.833817, 49,        64, 56,  1.122094, 64, 10.169077, 72,726.814824, 73,745.184331, 77, 35.406250, 81, 50.013557, 83,         2,110,         0,116,         1,164,         1
47C,2023/07/07 12:48:00, 53, 36.378887, 49,        64, 56,  1.122094, 64, 10.172129, 72,726.819585, 73,745.180058, 77, 35.375000, 81, 49.990669, 83,         2,110,         7,116,         1,164,         1
4EC,2023/07/07 12:49:00, 53, 36.359867, 49,        64, 56,  1.122094, 64, 10.172129, 72,726.768071, 73,745.150029, 77, 35.250000, 81, 49.995201, 83,         2,110,         7,116,         1,164,         1
4EC,2023/07/07 12:50:00, 53, 36.526039, 49,        64, 56,  1.122094, 64, 10.175180, 72,726.764165, 73,745.139165, 77, 35.218750, 81, 49.986275, 83,         2,110,         7,116,         1,164,         1
4AC,2023/07/07 12:51:00, 53, 36.660221, 49,        64, 56,  1.122094, 64, 10.178232, 72,726.800420, 73,745.126958, 77, 35.125000, 81, 49.975082, 83,         2,110,         7,116,         1,164,         1
46C,2023/07/07 12:52:00, 53, 36.753407, 49,        64, 56,  1.122094, 64, 10.172129, 72,726.810551, 73,745.105107, 77, 35.062500, 81, 50.011253, 83,         2,110,         7,116,         1,164,         1
4CC,2023/07/07 12:53:00, 53, 36.670433, 49,        64, 56,  1.122094, 64, 10.178232, 72,726.732426, 73,745.102910, 77, 35.031250, 81, 49.983772, 83,         2,110,         7,116,         1,164,         1
4DC,2023/07/07 12:54:00, 53, 36.249218, 49,        64, 56,  1.122094, 64, 10.181284, 72,726.738408, 73,745.105839, 77, 35.062500, 81, 49.987885, 83,         2,110,         7,116,         1,164,         1
40C,2023/07/07 12:55:00, 53, 35.993641, 49,        64, 56,  1.122094, 64, 10.178232, 72,726.734746, 73,745.120244, 77, 35.187500, 81, 50.001389, 83,         2,110,         7,116,         1,164,         1
47C,2023/07/07 12:56:00, 53, 35.638676, 49,        64, 56,  1.122094, 64, 10.175180, 72,726.779912, 73,745.128667, 77, 35.250000, 81, 50.010185, 83,         2,110,         7,116,         1,164,         1
41C,2023/07/07 12:57:00, 53, 35.640347, 49,        64, 56,  1.122094, 64, 10.175180, 72,726.802373, 73,745.139043, 77, 35.343750, 81, 50.001297, 83,         2,110,         7,116,         1,164,         1
48C,2023/07/07 12:58:00, 53, 35.826653, 49,        64, 56,  1.122094, 64, 10.178232, 72,726.696049, 73,745.120244, 77, 35.468750, 81, 50.008202, 83,         2,110,         7,116,         1,164,         1
49C,2023/07/07 12:59:00, 53, 35.822449, 49,        64, 56,  1.122094, 64, 10.178232, 72,726.748051, 73,745.116582, 77, 35.406250, 81, 49.999794, 83,         2,110,         7,116,         1,164,         1
48C,2023/07/07 13:00:00, 53, 35.741165, 49,        64, 56,  1.122094, 64, 10.175180, 72,726.755254, 73,745.105595, 77, 35.468750, 81, 50.012321, 83,         2,110,         7,116,         1,164,         1
40C,2023/07/07 13:01:00, 53, 35.809769, 49,        64, 56,  1.122094, 64, 10.169077, 72,726.771489, 73,745.097295, 77, 35.500000, 81, 50.017166, 83,         2,110,         7,116,         1,164,         1
42C,2023/07/07 13:02:00, 53, 35.915192, 49,        64, 56,  1.122094, 64, 10.178232, 72,726.781743, 73,745.092900, 77, 35.437500, 81, 49.977882, 83,         2,110,         7,116,         1,164,         1
4FC,2023/07/07 13:03:00, 53, 36.459389, 49,        64, 56,  1.122094, 64, 10.175180, 72,726.753911, 73,745.092168, 77, 35.437500, 81, 49.996109, 83,         2,110,         7,116,         1,164,         1
4DC,2023/07/07 13:04:00, 53, 36.887192, 49,        64, 56,  1.122094, 64, 10.172129, 72,726.785405, 73,745.107793, 77, 35.468750, 81, 50.020470, 83,         2,110,         7,116,         1,164,         1
40C,2023/07/07 13:05:00, 53, 37.046944, 49,        64, 56,  1.122094, 64, 10.172129, 72,726.706303, 73,745.082158, 77, 35.437500, 81, 50.006798, 83,         2,110,         7,116,         1,164,         1
45C,2023/07/07 13:06:00, 53, 37.948135, 49,        64, 56,  1.122094, 64, 10.181284, 72,726.789799, 73,745.094365, 77, 35.312500, 81, 49.981224, 83,         2,110,         7,116,         1,164,         1
4BC,2023/07/07 13:07:00, 53, 39.552094, 49,        64, 56,  1.122094, 64, 10.178232, 72,726.779790, 73,745.085454, 77, 35.343750, 81, 49.993202, 83,         2,110,         7,116,         1,164,         1
46C,2023/07/07 13:08:00, 53, 39.466888, 49,        64, 56,  1.122094, 64, 10.172129, 72,726.783574, 73,745.095097, 77, 35.343750, 81, 50.016678, 83,         2,110,         7,116,         1,164,         1
41C,2023/07/07 13:09:00, 53, 39.309063, 49,        64, 56,  1.122094, 64, 10.175180, 72,726.775273, 73,745.084843, 77, 35.312500, 81, 49.999207, 83,         2,110,         7,116,         1,164,         1
45C,2023/07/07 13:10:00, 53, 39.513275, 49,        64, 56,  1.122094, 64, 10.178232, 72,726.699712, 73,745.062138, 77, 35.343750, 81, 49.992157, 83,         2,110,         6,116,         1,164,         1
4BC,2023/07/07 13:11:00, 53, 39.720707, 49,        64, 56,  1.122094, 64, 10.175180, 72,726.675297, 73,745.047856, 77, 35.375000, 81, 49.999687, 83,         2,110,         6,116,         1,164,         1
40C,2023/07/07 13:12:00, 53, 39.865738, 49,        64, 56,  1.122094, 64, 10.175180, 72,726.714970, 73,745.042119, 77, 35.375000, 81, 49.984581, 83,         2,110,         6,116,         1,164,         1
44C,2023/07/07 13:13:00, 53, 39.600742, 49,        64, 56,  1.122094, 64, 10.175180, 72,726.691045, 73,745.045903, 77, 35.437500, 81, 50.004883, 83,         2,110,         6,116,         1,164,         1
46C,2023/07/07 13:14:00, 53, 39.832558, 49,        64, 56,  1.122094, 64, 10.178232, 72,726.727788, 73,745.045903, 77, 35.343750, 81, 49.975548, 83,         2,110,         6,116,         1,164,         1
4BC,2023/07/07 13:15:00, 53, 40.090317, 49,        64, 56,  1.122094, 64, 10.178232, 72,726.713017, 73,745.045903, 77, 35.343750, 81, 49.978951, 83,         2,110,         6,116,         1,164,         1
42C,2023/07/07 13:16:00, 53, 39.361874, 49,        64, 56,  1.122094, 64, 10.175180, 72,726.658452, 73,745.043462, 77, 35.437500, 81, 50.011124, 83,         2,110,         6,116,         1,164,         1
4EC,2023/07/07 13:17:00, 53, 38.919098, 49,        64, 56,  1.122094, 64, 10.184336, 72,726.670293, 73,745.034306, 77, 35.468750, 81, 50.010368, 83,         2,110,         6,116,         1,164,         1
41C,2023/07/07 13:18:00, 53, 38.944595, 49,        64, 56,  1.122094, 64, 10.181284, 72,726.668462, 73,745.042729, 77, 35.500000, 81, 50.014374, 83,         2,110,         6,116,         1,164,         1
4FC,2023/07/07 13:19:00, 53, 39.041992, 49,        64, 56,  1.122094, 64, 10.181284, 72,726.633305, 73,745.020512, 77, 35.531250, 81, 50.008766, 83,         2,110,         6,116,         1,164,         1
41C,2023/07/07 13:20:00, 53, 38.974648, 49,        64, 56,  1.122094, 64, 10.181284, 72,726.639531, 73,744.986821, 77, 35.468750, 81, 50.000160, 83,         2,110,         6,116,         1,164,         1
40C,2023/07/07 13:21:00, 53, 39.274597, 49,        64, 56,  1.122094, 64, 10.184336, 72,726.594121, 73,744.940800, 77, 35.281250, 81, 49.990036, 83,         2,110,         6,116,         1,164,         1
48C,2023/07/07 13:22:00, 53, 40.120033, 49,        64, 56,  1.122094, 64, 10.187387, 72,726.553471, 73,744.921635, 77, 35.125000, 81, 49.972534, 83,         2,110,         6,116,         1,164,         1
4AC,2023/07/07 13:23:00, 53, 41.200947, 49,        64, 56,  1.122094, 64, 10.184336, 72,726.567754, 73,744.925908, 77, 35.125000, 81, 50.001320, 83,         2,110,         6,116,         1,164,         1
49C,2023/07/07 13:24:00, 53, 42.681488, 49,        64, 56,  1.122094, 64, 10.184336, 72,726.618046, 73,744.938969, 77, 35.062500, 81, 49.993759, 83,         2,110,         1,116,         1,164,         1
42C,2023/07/07 13:25:00, 53, 46.146523, 49,        64, 56,  1.122094, 64, 10.184336, 72,726.590337, 73,744.944463, 77, 35.031250, 81, 49.994514, 83,         2,110,         1,116,         1,164,         1
44C,2023/07/07 13:26:00, 53, 52.132740, 49,        64, 56,  1.122094, 64, 10.184336, 72,726.604985, 73,744.967778, 77, 35.031250, 81, 49.987762, 83,         2,110,         1,116,         1,164,         1
41C,2023/07/07 13:27:00, 53, 56.357620, 49,        64, 56,  1.122094, 64, 10.184336, 72,726.586064, 73,744.982671, 77, 35.125000, 81, 50.009850, 83,         2,110,         1,116,         1,164,         1
4CC,2023/07/07 13:28:00, 53, 53.080425, 49,        64, 56,  1.122094, 64, 10.178232, 72,726.561284, 73,744.988042, 77, 35.187500, 81, 50.029411, 83,         2,110,         1,116,         1,164,         1
4DC,2023/07/07 13:29:00, 53, 49.640266, 49,        64, 56,  1.122094, 64, 10.178232, 72,726.586430, 73,744.982304, 77, 35.187500, 81, 50.011703, 83,         2,110,         1,116,         1,164,         1
40C,2023/07/07 13:30:00, 53, 43.999817, 49,        64, 56,  1.122094, 64, 10.184336, 72,726.611943, 73,744.974248, 77, 35.187500, 81, 49.994064, 83,         2,110,         1,116,         1,164,         1
48C,2023/07/07 13:31:00, 53, 42.865231, 49,        64, 56,  1.122094, 64, 10.181284, 72,726.606328, 73,744.964360, 77, 35.156250, 81, 49.996590, 83,         2,110,         1,116,         1,164,         1
49C,2023/07/07 13:32:00, 53, 39.641403, 49,        64, 56,  1.122094, 64, 10.184336, 72,726.595830, 73,744.969975, 77, 35.125000, 81, 49.988884, 83,         2,110,         1,116,         1,164,         1
4DC,2023/07/07 13:33:00, 53, 38.634724, 49,        64, 56,  1.122094, 64, 10.187387, 72,726.576054, 73,744.965459, 77, 35.093750, 81, 49.966209, 83,         2,110,         1,116,         1,164,         1
40C,2023/07/07 13:34:00, 53, 38.117348, 49,        64, 56,  1.122094, 64, 10.190439, 72,726.548222, 73,744.964726, 77, 35.093750, 81, 49.970482, 83,         2,110,         1,116,         1,164,         1
49C,2023/07/07 13:35:00, 53, 38.008797, 49,        64, 56,  1.122094, 64, 10.190439, 72,726.505742, 73,744.935551, 77, 35.031250, 81, 49.983345, 83,         2,110,         1,116,         1,164,         1
46C,2023/07/07 13:36:00, 53, 37.957706, 49,        64, 56,  1.122094, 64, 10.181284, 72,726.571049, 73,744.949101, 77, 35.062500, 81, 50.029381, 83,         2,110,         1,116,         1,164,         1
4CC,2023/07/07 13:37:00, 53, 37.413727, 49,        64, 56,  1.122094, 64, 10.181284, 72,726.515385, 73,744.935551, 77, 35.125000, 81, 50.027962, 83,         2,110,         1,116,         1,164,         1
46C,2023/07/07 13:38:00, 53, 36.360191, 49,        64, 56,  1.122094, 64, 10.184336, 72,726.545293, 73,744.943974, 77, 35.125000, 81, 50.012131, 83,         2,110,         1,116,         1,164,         1
4AC,2023/07/07 13:39:00, 53, 36.843819, 49,        64, 56,  1.122094, 64, 10.181284, 72,726.547368, 73,744.941533, 77, 35.125000, 81, 50.002182, 83,         2,110,         1,116,         1,164,         1
4CC,2023/07/07 13:40:00, 53, 36.735859, 49,        64, 56,  1.122094, 64, 10.187387, 72,726.483891, 73,744.932378, 77, 35.000000, 81, 49.975113, 83,         2,110,         1,116,         1,164,         1
44C,2023/07/07 13:41:00, 53, 36.857380, 49,        64, 56,  1.122094, 64, 10.184336, 72,726.538823, 73,744.931889, 77, 34.968750, 81, 49.996330, 83,         2,110,         1,116,         1,164,         1
4DC,2023/07/07 13:42:00, 53, 37.703205, 49,        64, 56,  1.122094, 64, 10.184336, 72,726.487431, 73,744.926884, 77, 35.031250, 81, 50.015892, 83,         2,110,         1,116,         1,164,         1
40C,2023/07/07 13:43:00, 53, 39.237911, 49,        64, 56,  1.122094, 64, 10.184336, 72,726.520268, 73,744.937627, 77, 35.062500, 81, 50.009041, 83,         2,110,         1,116,         1,164,         1
4FC,2023/07/07 13:44:00, 53, 39.442787, 49,        64, 56,  1.122094, 64, 10.181284, 72,726.448003, 73,744.905278, 77, 35.187500, 81, 50.017906, 83,         2,110,         1,116,         1,164,         1
40C,2023/07/07 13:45:00, 53, 39.444618, 49,        64, 56,  1.122094, 64, 10.175180, 72,726.463383, 73,744.904179, 77, 35.281250, 81, 50.030197, 83,         2,110,         1,116,         1,164,         1
47C,2023/07/07 13:46:00, 53, 39.483971, 49,        64, 56,  1.122094, 64, 10.175180, 72,726.420415, 73,744.876469, 77, 35.343750, 81, 50.026726, 83,         2,110,         0,116,         1,164,         1
4BC,2023/07/07 13:47:00, 53, 40.070530, 49,        64, 56,  1.122094, 64, 10.169077, 72,726.433842, 73,744.870610, 77, 35.437500, 81, 50.030052, 83,         2,110,         0,116,         1,164,         1
50C,2023/07/07 13:48:00, 53, 41.863686, 49,       128, 56,  1.122094, 64, 10.196545, 72,726.475957, 73,744.879643, 77, 35.406250, 81, 50.020828, 83,         2,110,         0,116,         1,164,         1
5CC,2023/07/07 13:49:00, 53, 45.143616, 49,       128, 56,  1.122094, 64, 10.202648, 72,726.440434, 73,744.873906, 77, 35.343750, 81, 50.018478, 83,         2,110,         0,116,         1,164,         1
59C,2023/07/07 13:50:00, 53, 46.079208, 49,       128, 56,  1.122094, 64, 10.202648, 72,726.467778, 73,744.852055, 77, 35.281250, 81, 49.998016, 83,         2,110,         0,116,         1,164,         1
58C,2023/07/07 13:51:00, 53, 44.044708, 49,       128, 56,  1.122094, 64, 10.211803, 72,726.428471, 73,744.834843, 77, 35.218750, 81, 49.984856, 83,         2,110,         0,116,         1,164,         1
52C,2023/07/07 13:52:00, 53, 42.679199, 49,       128, 56,  1.122094, 64, 10.214855, 72,726.417851, 73,744.819829, 77, 35.187500, 81, 49.975449, 83,         2,110,         0,116,         1,164,         1
5CC,2023/07/07 13:53:00, 53, 41.642120, 49,       128, 56,  1.122094, 64, 10.202648, 72,726.379887, 73,744.803227, 77, 35.187500, 81, 49.989662, 83,         2,110,         0,116,         1,164,         1
5FC,2023/07/07 13:54:00, 53, 40.584766, 49,       128, 56,  1.122094, 64, 10.208752, 72,726.395634, 73,744.785283, 77, 35.187500, 81, 49.994049, 83,         2,110,         0,116,         1,164,         1
5DC,2023/07/07 13:55:00, 53, 40.701202, 49,       128, 56,  1.122094, 64, 10.199596, 72,726.398930, 73,744.760503, 77, 35.218750, 81, 50.003448, 83,         2,110,         0,116,         1,164,         1
54C,2023/07/07 13:56:00, 53, 40.133350, 49,       128, 56,  1.122094, 64, 10.208752, 72,726.361211, 73,744.749882, 77, 35.281250, 81, 49.999657, 83,         2,110,         0,116,         1,164,         1
5AC,2023/07/07 13:57:00, 53, 39.711918, 49,       128, 56,  1.122094, 64, 10.208752, 72,726.362431, 73,744.727421, 77, 35.218750, 81, 50.003998, 83,         2,110,         0,116,         1,164,         1
5DC,2023/07/07 13:58:00, 53, 38.973297, 49,       128, 56,  1.122094, 64, 10.205700, 72,726.373173, 73,744.739873, 77, 35.312500, 81, 50.008728, 83,         2,110,         0,116,         1,164,         1
52C,2023/07/07 13:59:00, 53, 39.655655, 49,       128, 56,  1.122094, 64, 10.196545, 72,726.380131, 73,744.747319, 77, 35.343750, 81, 50.011688, 83,         2,110,         0,116,         1,164,         1
56C,2023/07/07 14:00:00, 53, 39.618275, 49,       128, 56,  1.122094, 64, 10.205700, 72,726.408452, 73,744.758061, 77, 35.343750, 81, 50.000832, 83,         2,110,         0,116,         1,164,         1
58C,2023/07/07 14:01:00, 53, 39.500122, 49,       128, 56,  1.122094, 64, 10.202648, 72,726.391850, 73,744.757085, 77, 35.406250, 81, 50.017548, 83,         2,110,         7,116,         1,164,         1
57C,2023/07/07 14:02:00, 53, 39.361755, 49,       128, 56,  1.122094, 64, 10.208752, 72,726.439702, 73,744.772465, 77, 35.250000, 81, 49.979485, 83,         2,110,         7,116,         1,164,         1
59C,2023/07/07 14:03:00, 53, 39.928642, 49,       128, 56,  1.122094, 64, 10.208752, 72,726.393437, 73,744.750737, 77, 35.250000, 81, 49.976395, 83,         2,110,         7,116,         1,164,         1
50C,2023/07/07 14:04:00, 53, 39.894272, 49,       128, 56,  1.122094, 64, 10.208752, 72,726.387944, 73,744.720586, 77, 35.281250, 81, 49.991562, 83,         2,110,         7,116,         1,164,         1
51C,2023/07/07 14:05:00, 53, 39.813702, 49,       128, 56,  1.122094, 64, 10.205700, 72,726.403081, 73,744.724370, 77, 35.218750, 81, 49.997063, 83,         2,110,         7,116,         1,164,         1
5CC,2023/07/07 14:06:00, 53, 39.622898, 49,       128, 56,  1.122094, 64, 10.211803, 72,726.373173, 73,744.733769, 77, 35.156250, 81, 49.978180, 83,         2,110,         7,116,         1,164,         1
5FC,2023/07/07 14:07:00, 53, 39.386524, 49,       128, 56,  1.122094, 64, 10.205700, 72,726.367924, 73,744.711919, 77, 35.218750, 81, 50.004982, 83,         2,110,         7,116,         1,164,         1
5CC,2023/07/07 14:08:00, 53, 39.350231, 49,       128, 56,  1.122094, 64, 10.211803, 72,726.396611, 73,744.685063, 77, 35.281250, 81, 50.009911, 83,         2,110,         7,116,         1,164,         1
5DC,2023/07/07 14:09:00, 53, 39.294334, 49,       128, 56,  1.122094, 64, 10.205700, 72,726.353154, 73,744.700444, 77, 35.312500, 81, 50.017845, 83,         2,110,         7,116,         1,164,         1
