45C,2023/05/24 10:04:00, 53,-9999.0000, 49,         1, 56,  1.122094, 64, 10.254532, 72,723.090092, 73,731.328129, 77, 19.937500, 81, 27.389374, 83,         3,110,        29,116,         1,164,         1
4CC,2023/05/24 10:05:00, 53,-9999.0000, 49,         1, 56,  1.122094, 64, 10.153816, 72,730.359379, 73,750.296147, 77, 20.062500, 81, 37.148201, 83,         3,110,        29,116,         1,164,         1
48C,2023/05/24 10:06:00, 53,-9999.0000, 49,         1, 56,  1.122094, 64, 10.150764, 72,731.047124, 73,750.383794, 77, 20.281250, 81, 43.449287, 83,         3,110,        29,116,         1,164,         1
4BC,2023/05/24 10:06:00, 53,-9999.0000, 49,         1, 56,  1.122094, 64, 10.150764, 72,731.133794, 73,750.396733, 77, 20.281250, 81, 44.176262, 83,         3,110,        29,116,         1,164,         1
45C,2023/05/24 10:07:00, 53,-9999.0000, 49,         1, 56,  1.122094, 64, 10.150764, 72,731.558232, 73,750.462773, 77, 20.562500, 81, 47.291374, 83,         3,110,        29,116,         1,164,         1
4CC,2023/05/24 10:08:00, 53,-9999.0000, 49,         2, 56,  1.122094, 64, 10.150764, 72,731.991948, 73,750.583012, 77, 20.843750, 81, 49.468452, 83,         3,110,        29,116,         1,164,         1
59C,2023/05/24 10:09:00, 53,-9999.0000, 49,        64, 56,  1.122094, 64, 10.162973, 72,732.440556, 73,750.788090, 77, 21.093750, 81, 50.374039, 83,         3,110,        29,116,         1,164,         1
5AC,2023/05/24 10:10:00, 53,-9999.0000, 49,        64, 56,  1.122094, 64, 10.162973, 72,732.684453, 73,750.842046, 77, 21.312500, 81, 50.761734, 83,         3,110,        29,116,         1,164,         1
4FC,2023/05/24 10:11:00, 53,  0.000000, 49,        64, 56,  1.122094, 64, 10.172129, 72,732.834843, 73,750.920048, 77, 21.593750, 81, 50.952309, 83,         3,110,        29,116,         1,164,         1
46C,2023/05/24 10:12:00, 53,  0.720018, 49,        64, 56,  1.122094, 64, 10.169077, 72,733.250127, 73,750.973393, 77, 21.875000, 81, 50.861847, 83,         3,110,        29,116,         1,164,         1
46C,2023/05/24 10:13:00, 53,  0.936401, 49,        64, 56,  1.122094, 64, 10.172129, 72,733.349736, 73,750.995122, 77, 22.093750, 81, 50.680321, 83,         3,110,        29,116,         1,164,         1
4DC,2023/05/24 10:27:00, 53,  0.994363, 49,        64, 56,  1.122094, 64, 10.172129, 72,733.363652, 73,750.988774, 77, 22.156250, 81, 50.534073, 83,         3,110,        29,116,         1,164,         1
4EC,2023/05/24 10:28:00, 53,  0.999723, 49,        64, 56,  1.122094, 64, 10.169077, 72,733.441411, 73,751.046147, 77, 22.343750, 81, 50.466835, 83,         3,110,        29,116,         1,164,         1
46C,2023/05/24 10:29:00, 53,  0.999997, 49,        64, 56,  1.122094, 64, 10.172129, 72,733.461430, 73,751.057744, 77, 22.500000, 81, 50.403435, 83,         3,110,        29,116,         1,164,         1
49C,2023/05/24 10:30:00, 53,  0.999998, 49,        64, 56,  1.122094, 64, 10.172129, 72,733.455205, 73,751.062627, 77, 22.500000, 81, 50.181213, 83,         3,110,        29,116,         1,164,         1
46C,2023/05/24 10:31:00, 53,  0.999998, 49,        64, 56,  1.122094, 64, 10.169077, 72,733.420293, 73,751.075566, 77, 22.562500, 81, 50.185402, 83,         3,110,        29,116,         1,164,         1
4EC,2023/05/24 10:32:00, 53,  0.999998, 49,        64, 56,  1.122094, 64, 10.172129, 72,733.470708, 73,751.073979, 77, 22.500000, 81, 50.134819, 83,         3,110,        29,116,         1,164,         1
49C,2023/05/24 10:33:00, 53,  0.999998, 49,        64, 56,  1.122094, 64, 10.166025, 72,733.493535, 73,751.105107, 77, 22.656250, 81, 50.186707, 83,         3,110,        29,116,         1,164,         1
4DC,2023/05/24 10:34:00, 53,  0.999998, 49,        64, 56,  1.122094, 64, 10.166025, 72,733.476201, 73,751.111943, 77, 22.781250, 81, 50.110054, 83,         3,110,        29,116,         1,164,         1
5DC,2023/05/24 10:35:00, 53,  0.999998, 49,        64, 56,  1.122094, 64, 10.166025, 72,733.472172, 73,751.096684, 77, 22.843750, 81, 50.042023, 83,         2,110,         0,116,         1,164,         1
43C,2023/05/24 10:36:00, 53, 35.851654, 49,        64, 56,  1.122094, 64, 10.166025, 72,733.536259, 73,751.117924, 77, 22.968750, 81, 50.015480, 83,         2,110,         0,116,         1,164,         1
43C,2023/05/24 10:37:00, 53, 35.837856, 49,        64, 56,  1.122094, 64, 10.166025, 72,733.542363, 73,751.132329, 77, 23.187500, 81, 50.069817, 83,         2,110,         0,116,         1,164,         1
40C,2023/05/24 10:38:00, 53, 34.013680, 49,        64, 56,  1.122094, 64, 10.169077, 72,733.550053, 73,751.147710, 77, 23.218750, 81, 50.052063, 83,         2,110,         0,116,         1,164,         1
47C,2023/05/24 10:39:00, 53, 33.020172, 49,        64, 56,  1.122094, 64, 10.166025, 72,733.519170, 73,751.131352, 77, 23.375000, 81, 50.000061, 83,         2,110,         0,116,         1,164,         1
4DC,2023/05/24 10:40:00, 53, 33.169525, 49,        64, 56,  1.122094, 64, 10.169077, 72,733.549931, 73,751.135380, 77, 23.437500, 81, 49.954742, 83,         2,110,         7,116,         1,164,         1
44C,2023/05/24 10:41:00, 53, 33.213383, 49,        64, 56,  1.122094, 64, 10.169077, 72,733.572758, 73,751.167607, 77, 23.562500, 81, 50.019653, 83,         2,110,         7,116,         1,164,         1
45C,2023/05/24 10:42:00, 53, 32.466183, 49,        64, 56,  1.122094, 64, 10.169077, 72,733.592656, 73,751.186040, 77, 23.687500, 81, 50.008789, 83,         2,110,         7,116,         1,164,         1
45C,2023/05/24 10:43:00, 53, 32.209053, 49,        64, 56,  1.122094, 64, 10.169077, 72,733.553227, 73,751.168828, 77, 23.656250, 81, 50.039436, 83,         2,110,         7,116,         1,164,         1
41C,2023/05/24 10:44:00, 53, 30.470421, 49,        64, 56,  1.122094, 64, 10.169077, 72,733.551518, 73,751.164067, 77, 23.625000, 81, 49.964104, 83,         2,110,         7,116,         1,164,         1
42C,2023/05/24 10:45:00, 53, 30.493130, 49,        64, 56,  1.122094, 64, 10.169077, 72,733.596806, 73,751.160893, 77, 23.625000, 81, 49.995384, 83,         2,110,         7,116,         1,164,         1
44C,2023/05/24 10:46:00, 53, 32.560669, 49,        64, 56,  1.122094, 64, 10.166025, 72,733.463017, 73,751.089604, 77, 23.312500, 81, 49.819992, 83,         2,110,         7,116,         1,164,         1
4FC,2023/05/24 10:47:00, 53, 32.759033, 49,        64, 56,  1.122094, 64, 10.166025, 72,733.556767, 73,751.074834, 77, 23.031250, 81, 49.835197, 83,         2,110,         7,116,         1,164,         1
40C,2023/05/24 10:48:00, 53, 33.718414, 49,        64, 56,  1.122094, 64, 10.166025, 72,733.606084, 73,751.100346, 77, 22.875000, 81, 50.007401, 83,         2,110,         7,116,         1,164,         1
44C,2023/05/24 10:49:00, 53, 33.632881, 49,        64, 56,  1.122094, 64, 10.166025, 72,733.564824, 73,751.089116, 77, 22.718750, 81, 49.994530, 83,         2,110,         7,116,         1,164,         1
4BC,2023/05/24 10:50:00, 53, 31.898335, 49,        64, 56,  1.122094, 64, 10.166025, 72,733.634892, 73,751.100713, 77, 22.750000, 81, 50.021606, 83,         2,110,         7,116,         1,164,         1
4CC,2023/05/24 10:51:00, 53, 31.320435, 49,        64, 56,  1.122094, 64, 10.169077, 72,733.646977, 73,751.118779, 77, 22.843750, 81, 50.068687, 83,         2,110,         7,116,         1,164,         1
48C,2023/05/24 10:52:00, 53, 31.947525, 49,        64, 56,  1.122094, 64, 10.166025, 72,733.625493, 73,751.103032, 77, 22.906250, 81, 50.043320, 83,         2,110,         7,116,         1,164,         1
4BC,2023/05/24 10:53:00, 53, 31.501488, 49,        64, 56,  1.122094, 64, 10.166025, 72,733.593754, 73,751.084477, 77, 23.031250, 81, 50.054840, 83,         2,110,         7,116,         1,164,         1
4CC,2023/05/24 10:54:00, 53, 31.665977, 49,        64, 56,  1.122094, 64, 10.166025, 72,733.615361, 73,751.096806, 77, 23.187500, 81, 50.059746, 83,         2,110,         7,116,         1,164,         1
48C,2023/05/24 10:55:00, 53, 32.292496, 49,        64, 56,  1.122094, 64, 10.166025, 72,733.638554, 73,751.121709, 77, 23.218750, 81, 50.041260, 83,         2,110,         7,116,         1,164,         1
42C,2023/05/24 10:56:00, 53, 33.652618, 49,        64, 56,  1.122094, 64, 10.166025, 72,733.557011, 73,751.100102, 77, 23.218750, 81, 49.903557, 83,         2,110,         7,116,         1,164,         1
40C,2023/05/24 10:57:00, 53, 35.380013, 49,        64, 56,  1.122094, 64, 10.169077, 72,733.638432, 73,751.102544, 77, 23.218750, 81, 50.005203, 83,         2,110,         7,116,         1,164,         1
4AC,2023/05/24 10:58:00, 53, 35.666046, 49,        64, 56,  1.122094, 64, 10.166025, 72,733.578496, 73,751.073125, 77, 23.218750, 81, 49.949234, 83,         2,110,         7,116,         1,164,         1
44C,2023/05/24 10:59:00, 53, 35.889088, 49,        64, 56,  1.122094, 64, 10.166025, 72,733.596684, 73,751.077031, 77, 23.125000, 81, 49.985458, 83,         2,110,         7,116,         1,164,         1
4CC,2023/05/24 11:00:00, 53, 36.442772, 49,        64, 56,  1.122094, 64, 10.169077, 72,733.617192, 73,751.064458, 77, 23.125000, 81, 50.002434, 83,         2,110,         7,116,         1,164,         1
4BC,2023/05/24 11:01:00, 53, 36.346317, 49,        64, 56,  1.122094, 64, 10.169077, 72,733.594731, 73,751.053715, 77, 23.187500, 81, 50.012062, 83,         2,110,         7,116,         1,164,         1
47C,2023/05/24 11:02:00, 53, 35.644943, 49,        64, 56,  1.122094, 64, 10.166025, 72,733.609502, 73,751.076787, 77, 23.218750, 81, 50.029907, 83,         2,110,         6,116,         1,164,         1
44C,2023/05/24 11:03:00, 53, 35.072124, 49,        64, 56,  1.122094, 64, 10.169077, 72,733.583623, 73,751.013310, 77, 23.218750, 81, 49.973190, 83,         2,110,         6,116,         1,164,         1
47C,2023/05/24 11:04:00, 53, 36.081001, 49,        64, 56,  1.122094, 64, 10.166025, 72,733.581914, 73,751.029423, 77, 23.218750, 81, 49.983360, 83,         2,110,         6,116,         1,164,         1
4FC,2023/05/24 11:05:00, 53, 34.752266, 49,        64, 56,  1.122094, 64, 10.166025, 72,733.600102, 73,750.971074, 77, 23.031250, 81, 49.884888, 83,         2,110,         6,116,         1,164,         1
4BC,2023/05/24 11:06:00, 53, 35.341339, 49,        64, 56,  1.122094, 64, 10.166025, 72,733.557744, 73,750.962895, 77, 22.937500, 81, 49.979950, 83,         2,110,         6,116,         1,164,         1
4AC,2023/05/24 11:07:00, 53, 35.199776, 49,        64, 56,  1.122094, 64, 10.166025, 72,733.569829, 73,750.984868, 77, 23.031250, 81, 50.062202, 83,         2,110,         6,116,         1,164,         1
47C,2023/05/24 11:08:00, 53, 34.848316, 49,        64, 56,  1.122094, 64, 10.169077, 72,733.549565, 73,750.981084, 77, 23.125000, 81, 50.039955, 83,         2,110,         6,116,         1,164,         1
47C,2023/05/24 11:09:00, 53, 35.700165, 49,        64, 56,  1.122094, 64, 10.175180, 72,733.500493, 73,750.983769, 77, 23.218750, 81, 50.064873, 83,         2,110,         6,116,         1,164,         1
47C,2023/05/24 11:10:00, 53, 39.954781, 49,        64, 56,  1.122094, 64, 10.175180, 72,733.507817, 73,751.009892, 77, 23.343750, 81, 50.036324, 83,         2,110,         6,116,         1,164,         1
48C,2023/05/24 11:11:00, 53, 36.195667, 49,        64, 56,  1.122094, 64, 10.175180, 72,733.495976, 73,750.981206, 77, 23.218750, 81, 49.878349, 83,         2,110,         6,116,         1,164,         1
45C,2023/05/24 11:12:00, 53, 36.970615, 49,        64, 56,  1.122094, 64, 10.172129, 72,733.540532, 73,750.993169, 77, 23.218750, 81, 50.009293, 83,         2,110,         6,116,         1,164,         1
46C,2023/05/24 11:13:00, 53, 35.454224, 49,        64, 56,  1.122094, 64, 10.175180, 72,733.508305, 73,751.019414, 77, 23.281250, 81, 50.010521, 83,         2,110,         6,116,         1,164,         1
46C,2023/05/24 11:14:00, 53, 37.569759, 49,        64, 56,  1.122094, 64, 10.175180, 72,733.549931, 73,751.044438, 77, 23.468750, 81, 50.081436, 83,         2,110,         6,116,         1,164,         1
44C,2023/05/24 11:15:00, 53, 36.615467, 49,        64, 56,  1.122094, 64, 10.175180, 72,733.577397, 73,751.041020, 77, 23.468750, 81, 49.967087, 83,         2,110,         6,116,         1,164,         1
4FC,2023/05/24 11:16:00, 53, 38.317726, 49,        64, 56,  1.122094, 64, 10.175180, 72,733.605107, 73,751.080205, 77, 23.625000, 81, 50.031754, 83,         2,110,         6,116,         1,164,         1
44C,2023/05/24 11:17:00, 53, 37.052887, 49,        64, 56,  1.122094, 64, 10.175180, 72,733.549321, 73,751.096074, 77, 23.843750, 81, 50.061630, 83,         2,110,         1,116,         1,164,         1
47C,2023/05/24 11:18:00, 53, 36.113834, 49,        64, 56,  1.122094, 64, 10.175180, 72,733.541020, 73,751.112431, 77, 24.031250, 81, 50.026138, 83,         2,110,         1,116,         1,164,         1
43C,2023/05/24 11:19:00, 53, 35.294296, 49,        64, 56,  1.122094, 64, 10.175180, 72,733.577641, 73,751.120732, 77, 24.093750, 81, 50.025696, 83,         2,110,         1,116,         1,164,         1
40C,2023/05/24 11:20:00, 53, 38.344482, 49,        64, 56,  1.122094, 64, 10.175180, 72,733.561528, 73,751.101323, 77, 24.218750, 81, 49.984894, 83,         2,110,         1,116,         1,164,         1
4FC,2023/05/24 11:21:00, 53, 38.802704, 49,        64, 56,  1.122094, 64, 10.175180, 72,733.445561, 73,751.107304, 77, 24.156250, 81, 49.877869, 83,         2,110,         1,116,         1,164,         1
49C,2023/05/24 11:22:00, 53, 42.317055, 49,        64, 56,  1.122094, 64, 10.175180, 72,733.536015, 73,751.072636, 77, 23.968750, 81, 49.906456, 83,         2,110,         1,116,         1,164,         1
5BC,2023/05/24 11:23:00, 53, 52.192574, 49,       128, 56,  1.122094, 64, 10.205700, 72,733.568852, 73,751.146611, 77, 23.937500, 81, 49.955711, 83,         2,110,         1,116,         1,164,         1
5AC,2023/05/24 11:24:00, 53, 51.531387, 49,       128, 56,  1.122094, 64, 10.211803, 72,733.613774, 73,751.131230, 77, 23.718750, 81, 49.958336, 83,         2,110,         1,116,         1,164,         1
53C,2023/05/24 11:25:00, 53, 48.214111, 49,       128, 56,  1.122094, 64, 10.220959, 72,733.654546, 73,751.144414, 77, 23.562500, 81, 49.934250, 83,         2,110,         1,116,         1,164,         1
5DC,2023/05/24 11:26:00, 53, 40.015892, 49,       128, 56,  1.122094, 64, 10.220959, 72,733.602666, 73,751.146245, 77, 23.437500, 81, 49.975243, 83,         2,110,         1,116,         1,164,         1
5DC,2023/05/24 11:27:00, 53, 36.351036, 49,       128, 56,  1.122094, 64, 10.217907, 72,733.735600, 73,751.146001, 77, 23.375000, 81, 50.050903, 83,         2,110,         1,116,         1,164,         1
55C,2023/05/24 11:28:00, 53, 36.360077, 49,       128, 56,  1.122094, 64, 10.220959, 72,733.688969, 73,751.174931, 77, 23.437500, 81, 50.090256, 83,         2,110,         1,116,         1,164,         1
54C,2023/05/24 11:29:00, 53, 39.915222, 49,       128, 56,  1.122094, 64, 10.217907, 72,733.599248, 73,751.153813, 77, 23.375000, 81, 50.032585, 83,         2,110,         1,116,         1,164,         1
5FC,2023/05/24 11:30:00, 53, 43.790535, 49,       128, 56,  1.122094, 64, 10.220959, 72,733.603398, 73,751.091435, 77, 23.218750, 81, 49.876091, 83,         2,110,         1,116,         1,164,         1
59C,2023/05/24 11:31:00, 53, 44.969090, 49,       128, 56,  1.122094, 64, 10.205700, 72,733.660283, 73,751.093388, 77, 23.156250, 81, 50.021729, 83,         2,110,         1,116,         1,164,         1
57C,2023/05/24 11:32:00, 53, 43.152206, 49,       128, 56,  1.122094, 64, 10.208752, 72,733.602788, 73,751.086919, 77, 23.031250, 81, 50.033493, 83,         2,110,         1,116,         1,164,         1
59C,2023/05/24 11:33:00, 53, 44.578037, 49,       128, 56,  1.122094, 64, 10.211803, 72,733.578374, 73,751.088505, 77, 23.031250, 81, 49.999718, 83,         2,110,         1,116,         1,164,         1
50C,2023/05/24 11:34:00, 53, 40.225460, 49,       128, 56,  1.122094, 64, 10.214855, 72,733.592046, 73,751.066289, 77, 22.906250, 81, 49.970665, 83,         2,110,         1,116,         1,164,         1
5CC,2023/05/24 11:35:00, 53, 34.110760, 49,       128, 56,  1.122094, 64, 10.217907, 72,733.497563, 73,751.070927, 77, 22.937500, 81, 49.999809, 83,         2,110,         1,116,         1,164,         1
51C,2023/05/24 11:36:00, 53, 35.256351, 49,       128, 56,  1.122094, 64, 10.211803, 72,733.550175, 73,751.054936, 77, 22.781250, 81, 49.943146, 83,         2,110,         1,116,         1,164,         1
58C,2023/05/24 11:37:00, 53, 38.062202, 49,       128, 56,  1.122094, 64, 10.214855, 72,733.511479, 73,751.092046, 77, 22.718750, 81, 49.946785, 83,         2,110,         1,116,         1,164,         1
52C,2023/05/24 11:38:00, 53, 41.961990, 49,       128, 56,  1.122094, 64, 10.217907, 72,733.637089, 73,751.078129, 77, 22.625000, 81, 49.994682, 83,         2,110,         1,116,         1,164,         1
57C,2023/05/24 11:39:00, 53, 42.427670, 49,       128, 56,  1.122094, 64, 10.214855, 72,733.679814, 73,751.114751, 77, 22.687500, 81, 50.023720, 83,         2,110,         0,116,         1,164,         1
56C,2023/05/24 11:40:00, 53, 42.185856, 49,       128, 56,  1.122094, 64, 10.211803, 72,733.625127, 73,751.068730, 77, 22.687500, 81, 49.970001, 83,         2,110,         0,116,         1,164,         1
59C,2023/05/24 11:41:00, 53, 41.203907, 49,       128, 56,  1.122094, 64, 10.208752, 72,733.625004, 73,751.062627, 77, 22.687500, 81, 49.994415, 83,         2,110,         0,116,         1,164,         1
5DC,2023/05/24 11:42:00, 53, 41.113647, 49,       128, 56,  1.122094, 64, 10.214855, 72,733.661626, 73,751.089238, 77, 22.812500, 81, 50.059891, 83,         2,110,         0,116,         1,164,         1
56C,2023/05/24 11:43:00, 53, 39.169796, 49,       128, 56,  1.122094, 64, 10.217907, 72,733.551762, 73,751.129521, 77, 22.937500, 81, 50.052383, 83,         2,110,         0,116,         1,164,         1
5AC,2023/05/24 11:44:00, 53, 38.701569, 49,       128, 56,  1.122094, 64, 10.211803, 72,733.669560, 73,751.074589, 77, 22.968750, 81, 50.002541, 83,         2,110,         0,116,         1,164,         1
59C,2023/05/24 11:45:00, 53, 37.731117, 49,       128, 56,  1.122094, 64, 10.214855, 72,733.692998, 73,751.105595, 77, 23.062500, 81, 50.017166, 83,         2,110,         0,116,         1,164,         1
5EC,2023/05/24 11:46:00, 53, 37.169422, 49,       128, 56,  1.122094, 64, 10.208752, 72,733.612553, 73,751.057744, 77, 23.000000, 81, 49.928780, 83,         2,110,         0,116,         1,164,         1
56C,2023/05/24 11:47:00, 53, 36.446587, 49,       128, 56,  1.122094, 64, 10.199596, 72,733.604863, 73,751.044194, 77, 22.937500, 81, 49.915070, 83,         2,110,         0,116,         1,164,         1
56C,2023/05/24 11:48:00, 53, 34.326241, 49,       128, 56,  1.122094, 64, 10.205700, 72,733.628178, 73,751.044316, 77, 23.000000, 81, 50.018692, 83,         2,110,         0,116,         1,164,         1
52C,2023/05/24 11:49:00, 53, 35.221985, 49,       128, 56,  1.122094, 64, 10.211803, 72,733.469609, 73,751.021001, 77, 23.062500, 81, 49.926910, 83,         2,110,         0,116,         1,164,         1
56C,2023/05/24 11:50:00, 53, 36.780888, 49,       128, 56,  1.122094, 64, 10.208752, 72,733.557011, 73,751.027226, 77, 23.000000, 81, 49.940063, 83,         2,110,         0,116,         1,164,         1
5EC,2023/05/24 11:51:00, 53, 35.444843, 49,       128, 56,  1.122094, 64, 10.208752, 72,733.590703, 73,750.975468, 77, 22.843750, 81, 49.937012, 83,         2,110,         0,116,         1,164,         1
55C,2023/05/24 11:52:00, 53, 35.229126, 49,       128, 56,  1.122094, 64, 10.202648, 72,733.548711, 73,750.973027, 77, 22.718750, 81, 50.000412, 83,         2,110,         0,116,         1,164,         1
50C,2023/05/24 11:53:00, 53, 34.343159, 49,       128, 56,  1.122094, 64, 10.211803, 72,733.651250, 73,751.032841, 77, 22.906250, 81, 50.107971, 83,         2,110,         7,116,         1,164,         1
51C,2023/05/24 11:54:00, 53, 33.797302, 49,       128, 56,  1.122094, 64, 10.205700, 72,733.613164, 73,751.056645, 77, 23.000000, 81, 50.073700, 83,         2,110,         7,116,         1,164,         1
5BC,2023/05/24 11:55:00, 53, 32.638916, 49,       128, 56,  1.122094, 64, 10.205700, 72,733.668339, 73,751.058842, 77, 23.125000, 81, 50.060425, 83,         2,110,         7,116,         1,164,         1
56C,2023/05/24 11:56:00, 53, 35.636002, 49,       128, 56,  1.122094, 64, 10.205700, 72,733.612065, 73,751.057255, 77, 23.062500, 81, 50.008041, 83,         2,110,         7,116,         1,164,         1
5DC,2023/05/24 11:57:00, 53, 35.908627, 49,       128, 56,  1.122094, 64, 10.208752, 72,733.667241, 73,751.035527, 77, 23.093750, 81, 50.004829, 83,         2,110,         7,116,         1,164,         1
5DC,2023/05/24 11:58:00, 53, 35.685028, 49,       128, 56,  1.122094, 64, 10.205700, 72,733.650517, 73,751.015263, 77, 23.062500, 81, 50.000580, 83,         2,110,         7,116,         1,164,         1
56C,2023/05/24 11:59:00, 53, 37.696980, 49,       128, 56,  1.122094, 64, 10.214855, 72,733.682500, 73,751.084843, 77, 23.218750, 81, 50.129448, 83,         2,110,         7,116,         1,164,         1
5AC,2023/05/24 12:00:00, 53, 36.708534, 49,       128, 56,  1.122094, 64, 10.205700, 72,733.601201, 73,751.039677, 77, 23.218750, 81, 49.935852, 83,         2,110,         7,116,         1,164,         1
50C,2023/05/24 12:01:00, 53, 37.219040, 49,       128, 56,  1.122094, 64, 10.214855, 72,733.672978, 73,751.054326, 77, 23.250000, 81, 50.086555, 83,         2,110,         7,116,         1,164,         1
58C,2023/05/24 12:02:00, 53, 36.529705, 49,       128, 56,  1.122094, 64, 10.205700, 72,733.641728, 73,751.043950, 77, 23.343750, 81, 49.983551, 83,         2,110,         7,116,         1,164,         1
59C,2023/05/24 12:03:00, 53, 37.380562, 49,       128, 56,  1.122094, 64, 10.208752, 72,733.603764, 73,751.042607, 77, 23.375000, 81, 49.942703, 83,         2,110,         7,116,         1,164,         1
5BC,2023/05/24 12:04:00, 53, 40.348824, 49,       128, 56,  1.122094, 64, 10.208752, 72,733.566045, 73,751.006352, 77, 23.250000, 81, 49.979858, 83,         2,110,         7,116,         1,164,         1
53C,2023/05/24 12:05:00, 53, 40.812408, 49,       128, 56,  1.122094, 64, 10.211803, 72,733.547734, 73,750.986211, 77, 23.218750, 81, 49.952965, 83,         2,110,         7,116,         1,164,         1
51C,2023/05/24 12:06:00, 53, 40.603855, 49,       128, 56,  1.122094, 64, 10.211803, 72,733.610844, 73,750.980473, 77, 23.156250, 81, 49.951065, 83,         2,110,         7,116,         1,164,         1
5FC,2023/05/24 12:07:00, 53, 39.385178, 49,       128, 56,  1.122094, 64, 10.208752, 72,733.605473, 73,750.982793, 77, 23.156250, 81, 49.966568, 83,         2,110,         7,116,         1,164,         1
58C,2023/05/24 12:08:00, 53, 37.338299, 49,       128, 56,  1.122094, 64, 10.220959, 72,733.679936, 73,751.035771, 77, 23.218750, 81, 50.083908, 83,         2,110,         7,116,         1,164,         1
5FC,2023/05/24 12:09:00, 53, 34.294968, 49,       128, 56,  1.122094, 64, 10.217907, 72,733.662114, 73,751.037602, 77, 23.281250, 81, 50.056023, 83,         2,110,         7,116,         1,164,         1
5EC,2023/05/24 12:10:00, 53, 34.729538, 49,       128, 56,  1.122094, 64, 10.214855, 72,733.654668, 73,751.058232, 77, 23.343750, 81, 50.024719, 83,         2,110,         7,116,         1,164,         1
5AC,2023/05/24 12:11:00, 53, 35.242001, 49,       128, 56,  1.122094, 64, 10.217907, 72,733.562138, 73,751.038335, 77, 23.218750, 81, 49.937881, 83,         2,110,         7,116,         1,164,         1
5CC,2023/05/24 12:12:00, 53, 36.613922, 49,       128, 56,  1.122094, 64, 10.211803, 72,733.737553, 73,751.050786, 77, 23.218750, 81, 50.006622, 83,         2,110,         7,116,         1,164,         1
53C,2023/05/24 12:13:00, 53, 34.665455, 49,       128, 56,  1.122094, 64, 10.217907, 72,733.656377, 73,751.033818, 77, 23.156250, 81, 49.974457, 83,         2,110,         7,116,         1,164,         1
57C,2023/05/24 12:14:00, 53, 33.715290, 49,       128, 56,  1.122094, 64, 10.217907, 72,733.636235, 73,751.039311, 77, 23.187500, 81, 49.987617, 83,         2,110,         7,116,         1,164,         1
5FC,2023/05/24 12:15:00, 53, 34.087425, 49,       128, 56,  1.122094, 64, 10.211803, 72,733.678593, 73,751.042119, 77, 23.062500, 81, 49.941917, 83,         2,110,         6,116,         1,164,         1
50C,2023/05/24 12:16:00, 53, 35.743847, 49,       128, 56,  1.122094, 64, 10.208752, 72,733.626836, 73,751.015141, 77, 23.031250, 81, 49.982658, 83,         2,110,         6,116,         1,164,         1
57C,2023/05/24 12:17:00, 53, 36.950672, 49,       128, 56,  1.122094, 64, 10.227062, 72,733.688115, 73,751.048100, 77, 23.125000, 81, 50.078041, 83,         2,110,         6,116,         1,164,         1
57C,2023/05/24 12:18:00, 53, 35.738319, 49,       128, 56,  1.122094, 64, 10.217907, 72,733.570927, 73,750.999882, 77, 23.031250, 81, 49.929352, 83,         2,110,         6,116,         1,164,         1
55C,2023/05/24 12:19:00, 53, 35.717255, 49,       128, 56,  1.122094, 64, 10.220959, 72,733.664555, 73,751.026982, 77, 23.187500, 81, 50.034195, 83,         2,110,         6,116,         1,164,         1
53C,2023/05/24 12:20:00, 53, 34.107880, 49,       128, 56,  1.122094, 64, 10.220959, 72,733.648198, 73,751.045048, 77, 23.218750, 81, 50.060654, 83,         2,110,         6,116,         1,164,         1
5CC,2023/05/24 12:21:00, 53, 33.323975, 49,       128, 56,  1.122094, 64, 10.211803, 72,733.616093, 73,751.028447, 77, 23.218750, 81, 50.027359, 83,         2,110,         6,116,         1,164,         1
50C,2023/05/24 12:22:00, 53, 32.208241, 49,       128, 56,  1.122094, 64, 10.211803, 72,733.599004, 73,751.029668, 77, 23.250000, 81, 49.988487, 83,         2,110,         6,116,         1,164,         1
5FC,2023/05/24 12:23:00, 53, 32.369987, 49,       128, 56,  1.122094, 64, 10.224010, 72,733.643071, 73,751.050297, 77, 23.218750, 81, 50.026779, 83,         2,110,         6,116,         1,164,         1
59C,2023/05/24 12:24:00, 53, 33.269257, 49,       128, 56,  1.122094, 64, 10.224010, 72,733.540776, 73,751.027226, 77, 23.125000, 81, 49.911842, 83,         2,110,         6,116,         1,164,         1
54C,2023/05/24 12:25:00, 53, 34.993855, 49,       128, 56,  1.122094, 64, 10.217907, 72,733.672368, 73,751.034672, 77, 23.062500, 81, 49.997902, 83,         2,110,         6,116,         1,164,         1
53C,2023/05/24 12:26:00, 53, 31.921925, 49,       128, 56,  1.122094, 64, 10.220959, 72,733.595708, 73,751.065678, 77, 23.062500, 81, 50.026421, 83,         2,110,         6,116,         1,164,         1
59C,2023/05/24 12:27:00, 53, 30.525059, 49,       128, 56,  1.122094, 64, 10.227062, 72,733.485356, 73,751.045048, 77, 22.906250, 81, 49.930016, 83,         2,110,         6,116,         1,164,         1
5CC,2023/05/24 12:28:00, 53, 32.255737, 49,       128, 56,  1.122094, 64, 10.220959, 72,733.552129, 73,751.006230, 77, 22.656250, 81, 49.905670, 83,         2,110,         6,116,         1,164,         1
50C,2023/05/24 12:29:00, 53, 36.148895, 49,       128, 56,  1.122094, 64, 10.224010, 72,733.620244, 73,750.995244, 77, 22.562500, 81, 49.960785, 83,         2,110,         6,116,         1,164,         1
51C,2023/05/24 12:30:00, 53, 37.349438, 49,       128, 56,  1.122094, 64, 10.227062, 72,733.564946, 73,750.990971, 77, 22.437500, 81, 49.897133, 83,         2,110,         1,116,         1,164,         1
53C,2023/05/24 12:31:00, 53, 36.557034, 49,       128, 56,  1.122094, 64, 10.224010, 72,733.639775, 73,750.997807, 77, 22.468750, 81, 50.075546, 83,         2,110,         1,116,         1,164,         1
5CC,2023/05/24 12:32:00, 53, 35.594070, 49,       128, 56,  1.122094, 64, 10.227062, 72,733.538335, 73,750.974614, 77, 22.437500, 81, 50.008720, 83,         2,110,         1,116,         1,164,         1
5BC,2023/05/24 12:33:00, 53, 35.649265, 49,       128, 56,  1.122094, 64, 10.220959, 72,733.483647, 73,750.935673, 77, 22.281250, 81, 49.983871, 83,         2,110,         1,116,         1,164,         1
5FC,2023/05/24 12:34:00, 53, 36.114231, 49,       128, 56,  1.122094, 64, 10.208752, 72,733.562260, 73,750.948735, 77, 22.406250, 81, 50.038643, 83,         2,110,         1,116,         1,164,         1
5CC,2023/05/24 12:35:00, 53, 36.786583, 49,       128, 56,  1.122094, 64, 10.227062, 72,733.586796, 73,750.973271, 77, 22.593750, 81, 50.123230, 83,         2,110,         1,116,         1,164,         1
58C,2023/05/24 12:36:00, 53, 38.587486, 49,       128, 56,  1.122094, 64, 10.227062, 72,733.518803, 73,750.968632, 77, 22.718750, 81, 50.010460, 83,         2,110,         1,116,         1,164,         1
53C,2023/05/24 12:37:00, 53, 38.983673, 49,       128, 56,  1.122094, 64, 10.224010, 72,733.555669, 73,750.980229, 77, 22.906250, 81, 50.081032, 83,         2,110,         1,116,         1,164,         1
56C,2023/05/24 12:38:00, 53, 37.433975, 49,       128, 56,  1.122094, 64, 10.233166, 72,733.421635, 73,750.957646, 77, 23.062500, 81, 50.040703, 83,         2,110,         1,116,         1,164,         1
59C,2023/05/24 12:39:00, 53, 37.776943, 49,       128, 56,  1.122094, 64, 10.224010, 72,733.504765, 73,750.972539, 77, 23.187500, 81, 50.013283, 83,         2,110,         1,116,         1,164,         1
53C,2023/05/24 12:40:00, 53, 36.121132, 49,       128, 56,  1.122094, 64, 10.224010, 72,733.507207, 73,750.971684, 77, 23.218750, 81, 50.001663, 83,         2,110,         1,116,         1,164,         1
50C,2023/05/24 12:41:00, 53, 35.255833, 49,       128, 56,  1.122094, 64, 10.224010, 72,733.540898, 73,751.003300, 77, 23.406250, 81, 50.076904, 83,         2,110,         1,116,         1,164,         1
54C,2023/05/24 12:42:00, 53, 31.553474, 49,       128, 56,  1.122094, 64, 10.227062, 72,733.529912, 73,750.991460, 77, 23.437500, 81, 50.009514, 83,         2,110,         1,116,         1,164,         1
57C,2023/05/24 12:43:00, 53, 30.842045, 49,       128, 56,  1.122094, 64, 10.224010, 72,733.512089, 73,751.016362, 77, 23.562500, 81, 50.051773, 83,         2,110,         1,116,         1,164,         1
53C,2023/05/24 12:44:00, 53, 31.850662, 49,       128, 56,  1.122094, 64, 10.224010, 72,733.433354, 73,750.984013, 77, 23.468750, 81, 49.960548, 83,         2,110,         1,116,         1,164,         1
53C,2023/05/24 12:45:00, 53, 34.452217, 49,       128, 56,  1.122094, 64, 10.224010, 72,733.557988, 73,751.002446, 77, 23.343750, 81, 50.012665, 83,         2,110,         1,116,         1,164,         1
57C,2023/05/24 12:46:00, 53, 35.362080, 49,       128, 56,  1.122094, 64, 10.220959, 72,733.433720, 73,750.972905, 77, 23.218750, 81, 49.971794, 83,         2,110,         1,116,         1,164,         1
